service_id,monday,tuesday,wednesday,thursday,friday,saturday,sunday,start_date,end_date
9552,1,1,1,1,1,1,1,20170101,20170705
9535,0,1,1,1,1,1,0,20170228,20170311
9563,0,0,0,0,1,0,0,20170310,20170528
9561,0,1,1,1,1,1,0,20170307,20170311
9565,1,1,1,1,1,0,0,20170213,20170224
9120,1,1,1,1,1,0,0,20170220,20170224
9594,0,0,0,0,0,0,1,20170212,20170409
9165,0,1,1,1,1,1,0,20170221,20170225
9544,0,1,1,1,1,1,0,20170214,20170218
9550,1,1,1,1,1,1,1,20170417,20170618
9530,1,1,1,1,1,1,1,20170101,20170705
9527,0,0,0,0,0,1,1,20170101,20170702
9549,1,1,1,1,1,1,1,20170101,20170702
8964,1,1,1,1,1,0,0,20170102,20170705
9528,1,1,1,1,1,1,1,20170101,20170705
9526,0,0,0,0,0,1,1,20170101,20170611
8963,1,1,1,1,1,0,0,20170102,20170705
9543,1,1,1,1,1,0,0,20170116,20170122
9537,1,1,1,1,1,1,1,20170220,20170312
9536,1,0,0,0,0,0,1,20170227,20170416
9533,1,1,1,1,1,0,0,20170227,20170310
9534,0,0,0,0,0,1,1,20170227,20170416
9559,0,0,0,0,0,1,1,20170417,20170528
9560,0,0,0,0,0,1,1,20170417,20170604
9554,0,0,0,0,0,1,1,20170327,20170514
9566,1,0,0,0,0,0,1,20170213,20170416
9567,0,0,0,0,0,1,0,20170306,20170409
9568,0,0,0,0,0,1,1,20170313,20170416
9553,0,0,0,0,0,1,1,20170327,20170604
9539,0,0,0,0,0,1,1,20170107,20170611
9540,0,0,0,0,0,1,1,20170107,20170702
9541,0,0,0,0,0,1,0,20170107,20170611
9529,1,1,1,1,1,0,0,20170306,20170310
9569,0,0,0,0,0,1,1,20170401,20170416
8969,0,0,0,0,0,1,1,20170101,20170702
8780,1,1,1,1,1,1,1,20170101,20170705
8965,0,0,0,0,0,1,0,20170107,20170701
8782,1,1,1,1,1,1,0,20170102,20170705
9097,1,1,1,1,1,0,0,20170206,20170210
9575,0,0,0,0,0,1,1,20170101,20170618
9588,0,0,0,0,0,1,0,20170107,20170610
9573,0,0,0,0,0,0,1,20170101,20170618
9571,0,0,0,0,0,0,1,20170101,20170409
9591,1,1,1,1,1,1,1,20170101,20170705
9590,1,1,1,1,1,1,0,20170102,20170705
9589,1,1,1,1,1,1,1,20170102,20170705
9592,1,1,1,1,1,1,0,20170102,20170705
9586,0,0,0,0,0,1,1,20170101,20170611
9587,1,1,1,1,1,1,1,20170101,20170705
9585,0,0,0,0,0,1,1,20170107,20170611
9577,0,0,0,0,0,1,0,20170107,20170430
9583,1,1,1,1,1,0,0,20170102,20170705
9584,0,0,0,0,0,0,1,20170101,20170611
9576,0,0,0,0,0,1,1,20170101,20170611
8803,1,1,1,0,0,0,0,20170703,20170705
9564,0,1,1,1,1,1,0,20170214,20170225
9538,1,1,1,1,1,1,1,20170101,20170702
9562,1,1,1,1,1,0,0,20170227,20170303
9532,1,1,1,1,1,1,1,20170220,20170312
9531,1,1,1,1,1,1,1,20170101,20170705
9547,0,0,0,0,0,1,1,20170424,20170528
9546,0,0,0,0,0,1,1,20170424,20170604
9548,1,1,1,1,1,1,1,20170101,20170705
8781,0,0,0,0,0,0,1,20170101,20170702
9593,1,1,1,1,1,0,0,20170313,20170705
9555,0,0,0,0,0,1,1,20170213,20170416
9556,1,1,1,1,1,1,1,20170101,20170212
9557,0,0,0,0,0,1,1,20170327,20170528
9558,1,1,1,1,1,1,1,20170101,20170705
9551,1,1,1,1,1,0,0,20170102,20170705
9121,1,1,1,1,1,0,0,20170213,20170217
10491,0,1,1,1,1,1,0,20170228,20170304
8922,0,1,1,1,1,0,0,20170130,20170219
8921,1,1,1,1,0,0,0,20170130,20170219
8923,1,0,0,0,0,0,0,20170213,20170326
8925,1,0,0,0,0,0,1,20170213,20170319
8924,0,0,0,0,0,0,1,20170206,20170319
8929,1,0,0,0,0,0,0,20170508,20170514
8931,1,1,1,1,1,0,0,20170626,20170705
8930,1,1,1,1,1,0,0,20170102,20170122
8960,1,1,1,1,1,0,0,20170529,20170623
8928,1,1,1,1,1,0,0,20170522,20170623
8955,0,1,1,1,1,1,0,20170530,20170705
8956,0,1,1,1,1,1,0,20170103,20170122
8957,0,1,1,1,1,1,0,20170103,20170122
8943,0,1,1,1,1,1,0,20170110,20170129
8942,0,1,1,1,1,1,0,20170116,20170129
8941,1,0,0,0,0,0,0,20170403,20170416
8937,1,1,1,1,1,0,0,20170109,20170129
8944,1,0,0,0,0,0,0,20170515,20170604
8935,1,1,1,1,1,0,0,20170410,20170416
8142,1,1,1,1,1,1,0,20170111,20170204
8141,0,0,0,0,0,0,1,20170115,20170205
8961,0,0,0,0,0,0,1,20170605,20170618
8962,1,1,1,1,1,0,0,20170109,20170129
8938,1,1,1,1,0,0,0,20170130,20170302
8132,0,0,0,0,0,1,1,20170128,20170205
8136,1,0,0,0,0,0,1,20170129,20170205
8143,0,0,0,0,0,0,1,20170115,20170205
8140,0,0,0,0,0,0,1,20170115,20170205
8139,0,0,0,0,0,1,0,20170114,20170204
8138,0,0,0,0,1,1,1,20170113,20170205
8134,0,0,0,0,1,1,0,20170113,20170204
8948,1,1,1,1,0,0,1,20170129,20170212
8946,1,1,1,1,0,0,1,20170130,20170212
8920,1,1,1,1,1,0,0,20170306,20170319
8940,1,1,1,1,0,0,0,20170130,20170216
8939,1,1,1,1,1,0,0,20170123,20170205
9088,0,1,1,1,1,1,0,20170131,20170204
9318,1,1,1,1,0,0,0,20170313,20170331
9317,1,1,1,1,1,0,0,20170206,20170217
9315,1,0,0,1,0,0,0,20170116,20170126
9316,1,0,0,1,0,0,0,20170313,20170324
9328,1,1,1,1,1,0,0,20170313,20170331
9325,0,0,0,0,0,1,1,20170101,20170702
9320,0,0,0,0,0,1,1,20170320,20170423
9321,1,1,1,0,0,0,0,20170327,20170329
9326,0,1,1,1,1,1,0,20170313,20170401
9333,0,1,1,1,1,1,0,20170207,20170218
9336,1,1,1,1,0,0,0,20170220,20170309
9335,0,0,1,1,0,0,0,20170215,20170216
9298,0,0,0,0,0,1,1,20170225,20170305
9299,0,0,0,0,0,1,0,20170225,20170304
9331,1,1,1,1,1,0,0,20170206,20170217
9334,1,1,1,1,1,0,0,20170116,20170217
9199,0,0,1,1,1,0,0,20170301,20170303
9226,1,1,0,0,0,0,0,20170213,20170214
9010,0,1,1,1,1,0,0,20170207,20170210
9092,1,1,1,1,1,0,0,20170102,20170210
9066,1,1,1,1,0,0,0,20170109,20170112
9087,1,1,1,1,0,0,0,20170109,20170129
9067,0,1,1,1,1,0,0,20170110,20170127
9086,0,1,1,1,1,0,0,20170110,20170129
9096,0,1,1,1,1,1,0,20170207,20170211
9095,0,1,1,1,1,1,0,20170116,20170204
9099,1,1,1,1,1,0,0,20170116,20170203
9065,0,1,1,1,1,0,0,20170110,20170113
9098,1,1,1,1,1,0,0,20170109,20170113
9069,0,1,1,1,1,0,0,20170117,20170127
9048,0,0,0,0,0,1,0,20170121,20170204
9073,0,0,0,0,1,0,0,20170120,20170203
9070,1,1,1,1,0,0,0,20170116,20170126
9100,0,1,1,1,1,1,0,20170117,20170204
9089,0,1,1,1,1,1,0,20170117,20170128
8976,0,0,0,0,0,0,1,20170108,20170115
9032,1,0,0,0,0,0,0,20170109,20170116
9072,1,1,1,1,1,0,0,20170130,20170203
9090,1,1,1,1,1,0,0,20170116,20170129
9093,1,1,1,1,1,0,0,20170116,20170203
9081,0,1,1,1,1,1,0,20170103,20170107
9083,0,1,1,1,1,1,0,20170110,20170211
9080,0,0,0,0,0,1,0,20170114,20170129
9082,0,1,1,1,1,0,0,20170110,20170204
9085,0,1,1,1,1,1,0,20170114,20170211
9084,0,0,0,0,0,1,0,20170114,20170211
9102,1,1,1,1,0,0,0,20170112,20170129
9101,1,1,1,0,0,0,0,20170109,20170111
9918,0,1,1,1,1,1,0,20170110,20170415
9919,1,1,1,1,1,0,0,20170109,20170414
9920,1,0,0,0,0,0,1,20170226,20170306
9921,0,0,0,0,0,1,1,20170311,20170319
9922,1,0,0,0,0,0,1,20170312,20170320
9405,1,1,1,1,1,0,0,20170102,20170421
9339,0,1,1,1,1,1,0,20170213,20170305
9343,1,1,1,1,1,0,0,20170213,20170305
9337,1,1,1,1,1,0,0,20170102,20170106
9406,1,1,1,1,1,0,0,20170213,20170305
9606,0,0,0,0,0,0,1,20170101,20170409
9288,0,0,0,0,0,0,1,20170101,20170702
9599,1,1,1,1,1,0,0,20170206,20170212
9603,0,0,1,1,1,1,0,20170411,20170513
9600,1,1,1,1,1,0,0,20170327,20170407
9605,1,1,1,1,1,0,0,20170116,20170122
9521,0,1,1,1,1,1,0,20170131,20170429
9525,0,1,1,1,1,1,0,20170307,20170429
9524,0,1,1,1,1,1,0,20170130,20170304
9523,0,1,1,1,1,1,0,20170306,20170429
9516,1,1,1,1,1,0,0,20170130,20170428
9515,0,1,1,1,1,1,0,20170103,20170429
9510,0,1,1,1,1,1,0,20170103,20170305
9490,1,1,1,1,1,0,0,20170130,20170210
9509,0,1,1,1,1,1,0,20170307,20170319
9506,0,0,0,0,0,1,1,20170225,20170226
9062,0,0,0,0,0,1,1,20170318,20170319
9449,1,1,1,1,1,0,0,20170213,20170428
9520,1,1,1,1,1,0,0,20170102,20170630
9408,1,1,1,1,1,0,0,20170306,20170317
9519,0,1,1,1,1,1,0,20170307,20170318
9511,0,1,1,1,1,1,0,20170103,20170128
9514,1,1,1,1,1,0,0,20170130,20170303
9512,1,1,1,1,1,0,0,20170306,20170331
9513,0,1,1,1,1,1,0,20170131,20170305
9880,1,1,1,1,1,0,0,20170306,20170407
9881,1,1,1,1,0,0,0,20170102,20170316
9879,0,1,1,1,1,1,0,20170103,20170705
9641,0,0,0,0,0,0,1,20170115,20170122
9884,1,1,1,1,1,0,0,20170102,20170303
9883,0,1,1,1,1,1,0,20170103,20170304
9885,1,1,1,1,1,0,0,20170102,20170303
8135,0,0,0,0,0,0,1,20170115,20170122
9886,1,0,0,0,0,0,0,20170102,20170227
9888,0,1,1,1,1,1,0,20170110,20170121
9889,0,1,1,1,1,1,0,20170114,20170121
9377,1,1,1,1,1,0,0,20170109,20170127
9876,0,1,1,1,1,1,0,20170110,20170128
9300,0,0,0,0,0,0,1,20170226,20170305
8137,1,0,0,0,0,0,0,20170116,20170130
8133,1,1,1,1,1,0,0,20170111,20170203
9314,1,1,1,1,1,0,0,20170109,20170705
9312,0,1,1,1,1,1,0,20170110,20170705
9223,0,0,0,1,1,1,0,20170302,20170304
9220,0,0,0,1,0,1,0,20170302,20170304
9221,0,0,1,1,1,1,0,20170208,20170211
9225,0,1,1,0,0,0,0,20170214,20170215
10495,0,0,0,0,0,1,1,20170212,20170702
9397,1,1,1,1,1,0,0,20170213,20170303
10496,0,0,0,0,0,1,1,20170107,20170211
10298,1,1,1,1,1,0,0,20170102,20170210
10290,1,1,1,1,1,0,0,20170213,20170705
10483,1,1,1,1,1,1,1,20170102,20170211
10489,1,1,1,1,1,1,1,20170213,20170705
10488,1,1,1,1,1,1,1,20170213,20170705
10487,1,1,1,1,1,1,1,20170102,20170211
10485,1,1,0,0,0,0,0,20170120,20170124
9198,0,1,1,1,0,0,0,20170207,20170209
10486,0,0,0,0,0,1,1,20170121,20170122
10499,1,1,1,1,1,0,0,20170102,20170210
10500,0,0,1,1,1,0,0,20170104,20170106
10484,1,1,1,1,1,1,1,20170212,20170705
10502,0,0,0,0,0,1,1,20170123,20170211
10503,1,1,1,1,1,0,0,20170102,20170210
10504,1,1,1,1,1,1,1,20170102,20170211
10501,0,0,0,0,0,1,1,20170218,20170702
10494,1,1,1,1,1,1,1,20170212,20170705
10490,1,1,1,1,1,1,1,20170213,20170705
10492,1,1,1,1,1,1,1,20170101,20170212
10505,1,1,1,1,1,1,1,20170212,20170705
10506,0,0,0,0,0,1,1,20170123,20170702
10498,1,1,1,1,1,1,1,20170212,20170705
10497,1,1,1,1,1,0,0,20170213,20170219
9208,0,1,1,1,1,1,0,20170117,20170121
9209,0,0,1,1,1,0,0,20170208,20170210
9215,1,1,1,1,1,0,0,20170116,20170120
9218,1,1,1,1,0,0,0,20170116,20170119
9216,1,1,1,1,0,0,0,20170123,20170126
9210,0,1,1,1,0,0,0,20170124,20170126
9196,1,1,1,1,1,1,1,20170101,20170705
9195,0,0,0,0,0,1,1,20170213,20170702
9197,1,1,1,1,1,1,1,20170101,20170702
8794,1,1,1,0,0,0,0,20170703,20170705
9185,1,1,1,1,1,1,1,20170101,20170705
9179,0,0,0,0,0,1,1,20170101,20170702
9188,1,1,1,1,1,1,1,20170101,20170705
9187,1,1,1,1,1,1,1,20170101,20170705
9190,1,1,1,1,1,1,1,20170101,20170705
9184,1,1,1,1,1,1,1,20170101,20170705
9186,1,1,1,1,1,1,1,20170101,20170705
9191,1,1,1,1,1,1,1,20170101,20170705
9193,0,1,1,1,1,1,0,20170411,20170415
9194,1,1,1,1,1,1,1,20170101,20170705
9180,0,0,0,0,0,1,1,20170101,20170701
9181,1,1,1,1,1,1,1,20170101,20170705
9118,0,0,0,0,0,1,1,20170211,20170212
9112,0,1,1,1,1,1,1,20170213,20170226
9123,1,1,1,1,1,1,1,20170101,20170705
9122,1,1,1,1,1,1,1,20170101,20170705
9124,1,1,1,1,1,1,1,20170101,20170705
9145,1,1,1,1,1,1,1,20170101,20170705
9110,0,0,0,0,0,1,1,20170213,20170409
9111,1,1,1,1,1,1,1,20170101,20170705
9144,0,0,0,0,0,1,1,20170415,20170416
9139,1,1,1,1,1,0,0,20170605,20170611
9150,1,1,1,1,1,1,1,20170101,20170705
9147,1,1,1,1,1,1,1,20170101,20170129
9103,0,0,0,0,0,1,1,20170101,20170409
9104,1,1,1,1,1,1,1,20170101,20170705
9142,1,1,1,1,1,0,0,20170522,20170604
9116,1,1,1,1,1,1,1,20170101,20170705
9114,1,1,1,1,1,1,1,20170101,20170705
9143,1,1,1,1,1,1,1,20170101,20170705
9141,1,1,1,1,1,1,1,20170101,20170705
9140,1,1,1,1,1,1,1,20170320,20170423
9113,1,1,1,1,1,0,0,20170227,20170705
9109,1,1,1,1,1,1,1,20170101,20170705
9115,1,1,1,1,1,1,1,20170227,20170705
9107,1,1,1,1,1,1,1,20170101,20170705
9108,1,1,1,1,1,1,1,20170101,20170705
9106,1,1,1,1,1,1,1,20170101,20170129
9105,1,1,1,1,1,1,1,20170101,20170129
9117,1,1,1,1,1,1,1,20170101,20170705
9176,1,1,1,1,1,0,0,20170116,20170126
9174,0,1,1,1,1,1,0,20170117,20170127
9175,1,0,0,0,0,0,0,20170116,20170123
9163,1,1,1,1,1,1,1,20170101,20170702
9154,0,0,0,0,0,1,1,20170101,20170701
9156,1,1,1,1,1,0,0,20170306,20170416
9155,1,1,1,1,1,0,0,20170227,20170514
9157,1,1,1,1,1,1,1,20170101,20170705
9161,1,1,1,1,1,1,1,20170101,20170705
9160,1,1,1,1,1,0,0,20170227,20170416
9162,0,1,1,1,0,0,0,20170110,20170112
9159,1,1,1,1,1,1,1,20170101,20170705
9158,1,1,1,1,1,1,1,20170101,20170705
9153,1,1,1,1,1,1,0,20170220,20170225
9152,1,1,1,1,1,0,0,20170227,20170705
8800,1,1,1,1,1,1,1,20170101,20170705
9151,0,0,0,0,0,1,1,20170101,20170702
9164,0,1,1,1,1,0,0,20170221,20170224
9136,0,0,0,0,0,1,1,20170101,20170409
9135,1,1,1,1,1,1,1,20170101,20170705
9132,0,0,0,0,0,1,1,20170415,20170423
9134,0,0,0,0,0,1,1,20170101,20170409
9138,1,1,1,1,1,1,1,20170101,20170705
9137,1,1,1,1,1,1,1,20170101,20170705
9129,1,1,1,1,1,1,1,20170101,20170705
9128,1,1,1,1,1,1,1,20170101,20170205
9127,1,1,1,1,1,1,1,20170101,20170705
9133,0,0,0,0,0,1,1,20170416,20170423
9130,1,1,1,1,1,1,1,20170101,20170705
9204,1,1,1,1,1,1,1,20170101,20170705
9205,1,1,1,1,1,1,1,20170101,20170705
9200,1,1,1,1,1,1,1,20170227,20170705
9207,1,1,1,1,1,1,1,20170101,20170705
9206,1,1,1,1,1,1,1,20170101,20170705
9203,1,1,1,1,1,1,1,20170101,20170705
9201,1,1,1,1,1,1,1,20170101,20170705
9202,1,1,1,1,1,1,1,20170101,20170705
8777,1,1,1,1,1,0,0,20170403,20170705
8776,1,1,1,1,1,0,0,20170102,20170705
8761,1,1,1,1,1,0,0,20170102,20170129
8754,1,1,1,1,1,0,0,20170130,20170421
8886,1,1,1,1,0,0,0,20170102,20170105
8779,1,1,1,1,1,0,0,20170102,20170331
8853,1,1,1,1,0,0,0,20170529,20170611
8854,1,0,0,0,0,0,0,20170626,20170703
8756,0,0,0,0,0,0,1,20170212,20170319
8852,1,1,1,1,1,0,0,20170103,20170129
8767,0,0,0,0,0,0,1,20170101,20170122
8900,1,1,1,1,1,0,0,20170206,20170507
8899,1,1,1,1,0,0,1,20170206,20170430
8898,1,1,1,1,1,0,0,20170206,20170507
8788,0,0,0,0,0,0,1,20170206,20170702
8819,1,0,0,0,0,0,0,20170109,20170507
8790,0,0,0,0,0,0,1,20170108,20170430
8843,0,1,1,1,1,0,0,20170403,20170507
8842,0,0,0,0,0,0,1,20170108,20170409
8844,1,1,1,1,1,0,0,20170403,20170507
8751,0,0,0,0,0,0,1,20170101,20170702
8851,1,1,1,1,1,1,0,20170102,20170705
8830,0,0,0,0,0,1,0,20170114,20170128
8894,0,0,0,0,0,0,1,20170101,20170129
8893,0,0,0,0,0,0,1,20170101,20170226
8890,0,0,0,0,0,1,0,20170128,20170204
8755,0,0,0,0,0,1,0,20170211,20170319
8766,0,0,0,0,0,1,0,20170106,20170122
8763,0,0,0,0,1,0,0,20170203,20170421
8764,1,1,1,1,1,1,0,20170102,20170129
8765,0,0,0,0,0,1,0,20170106,20170122
8753,0,0,0,0,0,1,1,20170101,20170122
8769,0,0,0,0,0,1,0,20170211,20170311
8757,1,1,1,1,1,1,1,20170424,20170705
8762,1,1,1,1,1,1,1,20170529,20170705
8759,0,0,0,0,0,1,0,20170529,20170701
8760,0,0,0,0,0,1,1,20170522,20170604
8772,0,0,0,0,0,0,1,20170305,20170319
8750,0,0,0,0,0,0,1,20170206,20170702
8748,0,0,0,0,0,1,0,20170107,20170205
8864,1,1,1,1,0,0,1,20170102,20170705
8866,1,1,1,1,0,0,1,20170102,20170705
8865,1,1,1,1,0,0,0,20170102,20170122
8821,0,0,0,0,0,1,0,20170102,20170701
8863,1,1,1,1,0,0,0,20170403,20170705
8841,1,1,1,1,1,0,0,20170424,20170705
8778,1,1,1,1,1,0,0,20170403,20170421
8848,0,0,0,0,1,0,0,20170407,20170521
8860,0,0,0,0,1,0,0,20170106,20170122
8859,1,1,1,1,0,0,0,20170102,20170122
8818,0,0,0,0,0,1,1,20170101,20170702
8822,0,0,0,0,0,1,1,20170101,20170702
8795,0,0,0,0,0,1,1,20170101,20170702
8799,0,0,0,0,0,1,1,20170101,20170702
8824,1,1,1,1,1,1,1,20170403,20170705
8823,0,0,0,0,0,1,0,20170102,20170507
8802,1,1,1,1,1,1,1,20170101,20170701
8820,0,0,0,0,0,1,1,20170101,20170701
8861,1,1,1,1,1,0,0,20170102,20170122
8919,0,0,0,0,0,0,1,20170213,20170312
8805,0,0,0,0,0,1,0,20170130,20170219
8855,1,1,1,1,1,0,0,20170102,20170106
8871,0,0,0,0,0,0,1,20170115,20170205
8873,0,0,0,0,0,0,1,20170115,20170205
8870,0,0,0,0,0,1,0,20170114,20170204
8831,0,0,0,0,0,0,1,20170115,20170129
8872,0,0,0,0,0,1,0,20170114,20170205
8874,0,0,0,0,0,1,1,20170204,20170205
8911,1,1,1,1,0,0,1,20170102,20170122
8837,1,1,1,1,1,1,0,20170102,20170705
8826,1,1,1,1,1,1,1,20170101,20170705
8840,0,0,0,0,0,0,1,20170130,20170702
8835,0,0,0,0,0,0,1,20170206,20170702
8828,1,1,1,1,1,1,1,20170101,20170401
8832,0,0,0,0,1,1,0,20170206,20170507
8825,0,0,0,0,0,1,1,20170206,20170702
8827,1,1,1,1,1,1,1,20170402,20170705
8839,1,1,1,1,1,1,1,20170101,20170705
8836,0,0,0,0,0,1,0,20170206,20170701
8829,0,0,0,0,0,1,1,20170206,20170702
8833,0,0,0,0,0,1,0,20170130,20170701
8838,0,0,0,0,1,1,0,20170130,20170701
8834,1,1,1,1,1,1,1,20170130,20170702
8793,1,1,1,1,1,1,1,20170101,20170705
8918,1,1,1,1,1,1,1,20170101,20170701
8913,0,0,0,0,0,1,1,20170130,20170702
8916,0,0,0,0,0,1,1,20170130,20170701
8915,1,1,1,1,1,0,0,20170102,20170630
8908,1,1,1,1,1,1,1,20170101,20170705
8917,1,1,1,1,1,0,0,20170102,20170705
8914,1,1,1,1,1,1,1,20170101,20170705
8877,1,1,1,1,1,0,0,20170103,20170705
8889,0,0,0,0,0,0,1,20170101,20170226
8884,0,0,0,0,0,0,1,20170605,20170702
8883,1,1,1,1,1,0,0,20170103,20170129
8880,1,1,1,1,0,0,0,20170130,20170219
8881,0,0,0,0,0,0,1,20170220,20170312
8882,0,0,0,0,0,0,1,20170501,20170702
8806,0,0,0,0,1,0,0,20170203,20170226
8807,0,0,0,0,0,1,0,20170424,20170701
8813,0,0,0,0,0,1,0,20170424,20170701
8808,1,1,1,1,1,1,1,20170424,20170705
8810,0,0,0,0,0,0,1,20170515,20170702
8809,0,0,0,0,0,0,1,20170212,20170319
8845,1,1,1,1,1,0,0,20170102,20170122
8847,0,0,0,0,0,1,0,20170107,20170122
8846,0,0,0,0,1,0,0,20170106,20170122
8910,1,0,0,0,0,0,0,20170417,20170507
8912,1,1,1,1,1,0,0,20170417,20170611
8896,1,1,1,1,0,0,1,20170206,20170430
8850,1,1,1,1,1,1,1,20170206,20170702
8792,0,0,0,0,0,0,1,20170108,20170430
8791,1,1,1,1,1,1,1,20170101,20170705
8797,0,0,0,0,0,1,0,20170102,20170507
8798,0,0,0,0,0,1,1,20170101,20170122
8796,1,1,1,1,1,1,1,20170403,20170705
8801,0,0,0,0,0,1,0,20170102,20170701
8879,0,0,0,0,0,0,1,20170108,20170205
8783,0,0,0,0,0,1,1,20170101,20170702
8786,1,1,1,1,1,0,0,20170220,20170326
8784,0,0,0,0,0,1,0,20170102,20170701
8785,0,0,0,0,0,1,1,20170101,20170702
8787,0,0,0,0,0,1,0,20170107,20170701
8901,1,1,1,1,0,0,1,20170206,20170430
8869,1,1,1,1,0,0,0,20170102,20170105
8902,0,0,0,0,1,1,0,20170206,20170430
8904,0,0,0,0,0,1,0,20170130,20170701
8903,0,0,0,0,0,1,1,20170206,20170702
8905,0,0,0,0,0,1,0,20170114,20170121
8909,1,1,1,1,1,1,1,20170101,20170705
8978,1,1,1,1,0,0,0,20170109,20170126
8986,1,1,1,1,1,1,1,20170101,20170705
8982,1,1,1,1,1,1,1,20170101,20170705
8967,0,0,0,0,0,0,1,20170320,20170702
8966,0,0,0,0,0,0,1,20170320,20170702
8985,0,0,0,0,0,1,1,20170320,20170702
8984,0,0,0,0,0,1,0,20170320,20170701
8990,1,1,1,1,1,0,0,20170102,20170705
8989,1,1,1,1,1,1,1,20170101,20170705
8973,1,1,1,1,1,1,0,20170102,20170705
8988,0,0,0,0,0,1,1,20170320,20170702
8983,1,1,1,1,1,0,1,20170101,20170705
8977,1,1,1,1,0,0,0,20170206,20170209
8981,0,1,1,1,1,1,0,20170109,20170129
9071,0,0,0,0,1,0,0,20170120,20170127
9054,1,1,1,1,1,1,1,20170101,20170705
9011,1,1,1,1,1,1,0,20170102,20170705
9020,1,1,1,1,1,1,1,20170102,20170705
8974,0,0,0,0,0,1,0,20170320,20170701
9059,1,1,1,1,1,0,1,20170102,20170705
9019,1,1,1,1,1,1,1,20170102,20170705
9058,1,1,1,1,1,1,1,20170101,20170705
9057,1,1,1,1,1,1,0,20170102,20170705
9061,1,1,1,1,1,1,1,20170102,20170705
9006,1,1,1,1,1,1,1,20170102,20170705
9060,1,1,1,1,1,1,1,20170102,20170705
9049,0,0,0,0,0,0,1,20170313,20170702
9004,1,1,1,1,1,1,1,20170102,20170705
9055,1,1,1,1,1,1,1,20170101,20170705
8999,0,0,0,0,0,1,1,20170128,20170129
9056,1,1,1,1,1,1,1,20170102,20170705
9050,0,0,0,0,0,0,1,20170313,20170702
9051,0,0,0,0,0,0,1,20170313,20170702
9052,1,1,1,1,1,1,1,20170102,20170705
9053,0,0,0,0,1,1,1,20170109,20170122
9076,0,0,0,0,0,0,1,20170320,20170702
9077,0,0,0,0,0,0,1,20170313,20170702
9035,1,1,1,1,1,1,1,20170101,20170705
8968,0,0,0,0,0,0,1,20170320,20170702
9033,1,0,0,0,0,1,1,20170109,20170129
9034,1,1,1,1,1,1,1,20170101,20170705
9042,1,1,1,1,1,0,0,20170102,20170705
9024,1,1,1,1,1,1,1,20170102,20170705
9027,1,1,1,1,1,1,0,20170102,20170705
9028,1,1,1,1,1,1,0,20170102,20170705
9030,0,0,0,0,0,1,1,20170320,20170702
9031,1,1,1,1,1,1,0,20170102,20170705
9029,1,1,1,1,1,1,1,20170102,20170705
9025,1,1,1,1,1,1,1,20170102,20170705
9026,1,1,1,1,1,1,1,20170101,20170705
9000,1,1,1,1,1,1,1,20170101,20170705
9001,1,1,1,1,1,1,1,20170101,20170705
9003,1,1,1,1,1,1,1,20170102,20170705
9002,1,1,1,1,1,1,1,20170101,20170705
8971,1,1,1,1,1,1,1,20170101,20170705
8998,1,1,1,1,1,1,1,20170130,20170705
9008,0,1,1,1,1,1,0,20170213,20170705
9009,0,1,1,1,1,1,0,20170213,20170705
9021,0,0,0,0,0,1,0,20170320,20170701
8970,1,1,1,1,1,1,0,20170102,20170705
8975,1,1,1,1,1,1,0,20170102,20170705
8996,1,1,1,1,1,0,0,20170102,20170705
8994,1,1,1,1,1,1,1,20170102,20170705
8993,1,1,1,1,1,1,1,20170101,20170705
8995,0,0,0,0,0,1,1,20170320,20170702
9012,0,0,0,0,0,1,1,20170107,20170702
9013,0,0,0,0,0,1,1,20170107,20170702
9017,1,1,1,1,1,1,1,20170101,20170705
9016,0,0,0,0,0,1,1,20170320,20170702
9018,1,1,1,1,1,1,1,20170102,20170705
9015,1,1,1,1,1,1,1,20170101,20170705
9014,1,1,1,1,1,1,1,20170101,20170705
9005,0,0,0,0,0,1,0,20170320,20170701
9046,1,1,1,1,1,0,0,20170213,20170705
9047,0,1,1,1,1,0,0,20170109,20170129
9078,1,1,1,1,1,1,1,20170101,20170705
9041,1,1,1,1,1,1,0,20170102,20170705
9037,1,1,1,1,1,1,1,20170101,20170705
9040,1,1,1,1,1,1,1,20170101,20170705
9038,0,1,1,1,1,1,0,20170109,20170129
9043,0,0,0,0,0,1,1,20170320,20170702
9044,1,1,1,1,1,1,0,20170102,20170705
9045,1,1,1,1,1,1,0,20170102,20170705
9074,0,0,0,0,0,1,0,20170320,20170701
10472,1,1,1,1,1,1,1,20170102,20170705
10456,0,0,0,0,0,1,1,20170306,20170528
10457,0,0,0,0,0,1,1,20170306,20170528
10459,1,1,1,1,1,1,1,20170102,20170705
10462,1,1,1,1,1,1,1,20170102,20170705
10461,1,1,1,1,1,1,1,20170102,20170705
10460,1,1,1,1,1,1,1,20170103,20170705
10477,1,1,1,1,1,1,1,20170102,20170705
10468,0,0,0,0,0,1,1,20170306,20170528
10475,0,0,0,0,0,1,1,20170306,20170528
10478,0,0,0,0,1,1,0,20170210,20170211
10480,1,1,1,1,1,1,1,20170102,20170705
10481,1,1,1,1,1,1,1,20170102,20170705
10479,1,1,1,1,1,1,1,20170103,20170705
10463,1,1,1,1,1,1,1,20170102,20170705
10482,0,0,0,0,0,1,1,20170107,20170702
10454,1,1,1,1,1,1,1,20170103,20170705
10476,0,0,0,0,0,1,1,20170306,20170528
10470,1,1,1,1,1,0,0,20170102,20170705
10471,1,1,1,1,1,1,1,20170102,20170705
10473,1,1,1,1,1,1,1,20170102,20170705
10466,1,1,1,1,1,1,1,20170102,20170705
10467,1,1,1,1,1,1,1,20170103,20170705
10469,1,1,1,1,1,0,0,20170102,20170705
9596,1,1,1,1,1,1,1,20170101,20170705
9598,1,1,1,1,1,0,1,20170101,20170705
9595,1,1,1,1,1,1,0,20170102,20170705
9597,0,0,0,0,0,1,0,20170313,20170701
9279,1,1,1,1,1,1,1,20170101,20170705
9307,0,1,1,1,1,0,0,20170117,20170120
9253,1,1,1,1,0,0,0,20170102,20170705
9264,1,1,1,1,1,1,1,20170101,20170705
9251,1,1,1,1,1,0,0,20170410,20170705
9254,0,0,0,0,0,0,1,20170101,20170702
9257,0,0,0,0,1,0,0,20170106,20170630
9256,1,1,1,1,1,0,0,20170102,20170217
9255,1,1,1,1,1,0,0,20170424,20170705
9266,1,1,1,1,1,1,1,20170403,20170528
9267,0,0,0,0,0,1,1,20170529,20170702
9265,1,1,1,1,1,0,0,20170102,20170319
9262,0,1,1,1,1,0,0,20170501,20170519
9263,0,0,0,0,0,1,1,20170506,20170507
9261,0,0,1,1,1,0,0,20170322,20170324
9260,1,1,1,1,1,0,0,20170102,20170210
9259,0,0,0,0,1,0,0,20170106,20170630
9301,1,1,1,1,1,1,1,20170101,20170705
9302,1,1,1,1,1,1,1,20170101,20170705
9303,0,0,0,0,0,1,1,20170101,20170702
9273,0,0,0,0,0,0,1,20170306,20170702
9308,1,1,1,1,1,0,0,20170102,20170331
9242,1,0,0,0,0,1,1,20170424,20170528
9241,1,1,1,1,1,1,1,20170529,20170705
9239,0,1,1,1,1,1,0,20170404,20170408
9243,1,1,1,1,1,1,1,20170529,20170705
9311,1,1,1,1,1,1,1,20170101,20170705
9278,1,1,1,1,1,1,0,20170102,20170705
9272,1,1,1,1,1,1,0,20170102,20170705
9268,1,1,1,1,1,1,1,20170101,20170705
9269,0,0,0,0,0,1,1,20170306,20170702
9293,0,1,1,1,1,0,0,20170103,20170705
9292,1,1,1,1,1,0,0,20170529,20170705
9291,0,1,1,1,1,0,0,20170502,20170519
9294,0,0,0,0,0,1,1,20170213,20170416
9287,1,1,1,1,1,0,0,20170220,20170305
9290,1,1,1,1,1,0,0,20170313,20170414
9289,1,1,1,1,1,0,0,20170424,20170705
9286,1,1,1,0,1,0,0,20170327,20170331
9296,0,0,0,0,0,1,1,20170116,20170226
9295,1,1,1,1,1,1,1,20170101,20170705
9297,1,1,1,1,1,1,1,20170101,20170705
9283,1,0,0,0,0,1,1,20170101,20170703
9285,1,1,1,1,1,0,0,20170529,20170604
9284,1,1,1,1,1,0,0,20170619,20170705
9281,1,1,1,1,1,0,0,20170102,20170705
9280,1,1,1,1,1,0,0,20170102,20170402
9282,1,1,1,1,1,1,1,20170101,20170705
9305,1,1,1,1,1,1,1,20170101,20170705
9306,0,0,0,0,0,1,1,20170101,20170702
9276,0,0,0,0,0,1,0,20170107,20170409
9304,1,1,1,1,1,0,0,20170327,20170409
9271,1,1,1,1,1,0,1,20170101,20170705
9270,0,0,0,0,0,1,0,20170306,20170701
9309,0,0,0,0,0,1,0,20170204,20170225
9250,1,1,1,1,1,1,1,20170101,20170611
9249,1,1,1,1,1,1,1,20170101,20170705
9244,0,0,0,0,0,0,1,20170101,20170702
9248,1,1,1,1,1,1,1,20170529,20170705
9247,1,1,1,1,1,1,1,20170529,20170705
9245,1,1,1,1,1,1,1,20170101,20170705
9274,1,1,1,1,1,1,1,20170101,20170212
9275,1,1,1,1,1,0,0,20170320,20170409
9430,1,1,1,1,1,0,1,20170101,20170127
9431,0,0,0,0,0,1,1,20170320,20170702
9413,0,0,0,0,0,0,1,20170108,20170122
9427,1,1,1,1,1,1,1,20170130,20170705
9428,0,0,0,0,0,1,1,20170320,20170702
9429,0,0,0,0,0,1,1,20170320,20170702
9432,1,1,1,1,1,1,1,20170130,20170705
9426,1,1,1,1,1,0,0,20170102,20170127
9424,1,1,1,1,1,0,0,20170130,20170705
9425,1,1,1,1,1,0,0,20170102,20170127
9433,1,1,1,1,1,1,1,20170130,20170705
9438,1,1,1,1,1,1,1,20170130,20170705
9435,1,1,1,1,1,1,1,20170130,20170705
9434,1,1,1,1,1,1,1,20170130,20170705
9437,1,1,1,1,1,0,0,20170102,20170127
9436,1,1,1,1,1,1,0,20170130,20170705
9446,1,1,1,1,1,1,1,20170101,20170705
9441,1,1,1,1,1,1,1,20170101,20170705
9470,0,0,0,0,0,1,1,20170206,20170702
9341,1,1,1,1,1,0,0,20170424,20170705
9447,1,1,1,1,1,0,0,20170102,20170421
9454,0,0,0,0,0,1,1,20170206,20170702
9442,0,0,0,0,0,1,0,20170204,20170701
9444,0,0,0,0,0,1,1,20170206,20170702
9469,0,0,0,0,0,1,1,20170206,20170702
9388,1,1,1,1,1,0,0,20170515,20170526
9452,1,1,1,1,1,0,0,20170501,20170528
9451,1,1,1,1,1,0,0,20170502,20170528
9460,0,0,0,0,0,0,1,20170206,20170702
9461,1,1,1,1,1,1,1,20170501,20170611
9459,1,1,1,1,1,1,1,20170130,20170702
9463,1,1,1,1,1,1,0,20170102,20170705
9448,1,1,1,1,1,0,0,20170502,20170609
9445,1,1,1,1,1,1,1,20170101,20170705
9462,1,1,1,1,1,1,1,20170101,20170705
9453,1,1,1,1,1,1,1,20170101,20170705
9439,0,0,0,0,0,1,1,20170206,20170702
9456,1,1,1,1,1,0,0,20170106,20170127
9458,1,1,1,1,1,1,1,20170101,20170705
9457,1,1,1,1,1,0,0,20170102,20170630
9455,1,1,1,1,0,0,0,20170320,20170331
9475,1,1,1,1,1,0,0,20170102,20170127
9476,1,0,0,0,0,0,1,20170206,20170703
9467,1,0,0,0,0,0,0,20170109,20170123
9473,1,1,1,1,1,0,1,20170101,20170705
9477,0,0,0,0,0,0,1,20170206,20170702
9440,0,0,0,0,0,1,1,20170130,20170430
9409,1,0,0,0,0,0,1,20170130,20170705
9411,0,1,1,1,1,1,0,20170530,20170705
9410,0,1,1,1,1,1,0,20170613,20170624
9407,1,1,1,1,1,0,0,20170612,20170623
9484,0,0,0,0,0,1,1,20170107,20170205
9491,0,0,0,0,0,0,1,20170128,20170205
9488,0,0,0,0,0,1,1,20170107,20170122
9480,0,0,0,0,0,1,1,20170107,20170204
9478,0,0,0,0,0,1,0,20170107,20170204
9481,0,0,0,0,0,1,0,20170107,20170121
9482,0,0,0,0,0,1,1,20170128,20170204
9504,1,0,0,0,0,0,1,20170129,20170205
9503,0,0,0,0,0,1,1,20170107,20170205
9496,0,1,1,1,1,1,0,20170131,20170211
9499,0,1,1,1,1,1,0,20170320,20170429
9416,1,1,1,1,1,0,0,20170102,20170129
9415,1,1,1,1,1,1,1,20170101,20170705
9419,1,1,1,1,1,0,0,20170102,20170205
9418,1,1,1,1,1,1,1,20170101,20170705
9412,1,1,1,1,1,1,1,20170101,20170705
9414,1,1,1,1,1,0,1,20170102,20170205
9423,1,1,1,1,1,1,1,20170101,20170705
9421,1,1,1,1,1,1,1,20170101,20170705
9420,1,1,1,1,1,1,0,20170102,20170705
9422,0,0,0,0,0,1,1,20170101,20170702
9486,0,0,0,0,0,0,1,20170129,20170205
9483,0,0,0,0,0,1,1,20170107,20170205
9485,0,0,0,0,0,1,0,20170107,20170122
9487,0,0,0,0,0,1,1,20170107,20170129
9479,0,0,0,0,0,1,1,20170107,20170122
9492,1,1,1,1,1,1,1,20170411,20170705
9443,0,0,0,0,0,1,0,20170204,20170701
9502,0,0,0,0,0,0,1,20170130,20170205
9501,0,0,0,0,0,1,1,20170107,20170122
9500,1,1,1,1,1,0,0,20170403,20170428
9494,1,1,1,1,1,0,0,20170306,20170319
9464,1,1,1,1,1,0,0,20170501,20170528
9465,1,1,1,1,0,0,0,20170605,20170608
9468,1,0,0,0,0,0,1,20170206,20170705
9466,0,0,0,0,0,1,1,20170206,20170702
9346,1,1,1,1,1,0,0,20170320,20170324
9493,1,1,1,1,1,0,0,20170403,20170428
9498,0,1,1,1,1,1,0,20170321,20170325
9497,0,1,1,1,1,1,0,20170403,20170430
9495,0,1,1,1,1,1,0,20170214,20170304
9472,0,0,0,0,0,1,1,20170206,20170430
9474,0,0,0,0,0,0,1,20170130,20170702
9471,0,0,0,0,0,1,1,20170130,20170430
9684,1,1,1,1,1,1,1,20170101,20170705
9683,1,1,1,1,1,1,1,20170101,20170701
9645,0,0,0,0,0,1,1,20170101,20170702
9718,0,0,0,0,0,0,1,20170123,20170702
9692,1,1,1,1,1,1,1,20170101,20170705
9693,1,1,1,1,1,1,1,20170101,20170705
9679,1,1,1,1,1,1,1,20170101,20170705
9681,1,1,1,1,1,1,1,20170101,20170705
9682,1,1,1,1,1,1,1,20170101,20170705
9644,1,1,1,1,1,1,1,20170101,20170705
9680,1,1,1,1,1,1,1,20170101,20170705
9722,1,0,0,0,0,0,1,20170430,20170522
9723,1,0,0,0,0,1,1,20170429,20170521
9724,0,0,0,0,0,1,1,20170429,20170521
9725,0,0,0,0,0,1,0,20170429,20170520
9609,1,1,1,1,1,0,0,20170102,20170421
9708,0,0,0,0,0,1,1,20170101,20170702
9709,0,0,0,0,0,1,0,20170206,20170701
9712,1,1,1,1,1,0,0,20170102,20170421
9713,0,0,0,0,0,1,0,20170429,20170701
9611,0,0,0,0,0,1,0,20170213,20170422
9714,0,0,0,0,0,0,1,20170430,20170702
9715,0,0,0,0,0,0,1,20170213,20170423
9620,1,1,1,1,1,0,0,20170106,20170421
9710,1,1,1,1,1,1,1,20170101,20170705
9711,0,0,0,0,0,1,1,20170101,20170702
9632,0,0,0,0,0,1,0,20170527,20170701
9622,1,1,1,1,1,1,1,20170101,20170423
9623,0,0,0,0,0,1,1,20170213,20170423
9612,0,0,0,0,0,1,1,20170525,20170702
9614,1,1,1,1,1,0,0,20170424,20170521
9621,0,0,0,0,0,1,1,20170206,20170423
9617,0,0,0,0,1,1,1,20170130,20170226
9637,1,1,1,1,1,1,1,20170213,20170423
9635,1,1,1,1,1,1,0,20170130,20170219
9638,1,1,1,1,1,0,0,20170424,20170521
9624,1,1,1,1,1,1,1,20170605,20170625
9633,1,1,1,1,1,1,0,20170612,20170705
9615,1,1,1,1,1,1,1,20170101,20170423
9630,1,1,1,1,1,1,0,20170109,20170122
9631,0,0,0,0,0,1,0,20170220,20170422
9634,0,0,0,0,0,1,1,20170213,20170423
9628,0,0,0,0,0,1,1,20170206,20170423
9613,0,0,0,0,0,1,1,20170206,20170423
9625,1,0,0,0,0,0,1,20170101,20170129
9627,1,1,1,1,1,1,1,20170605,20170625
9629,1,1,1,1,1,0,0,20170424,20170521
9608,1,1,1,1,1,1,1,20170605,20170625
9607,1,0,0,0,0,0,1,20170213,20170423
9610,1,1,1,1,1,0,0,20170515,20170604
9640,1,1,1,1,1,1,0,20170327,20170422
9619,0,0,0,0,0,1,1,20170213,20170423
9726,0,0,0,0,0,1,1,20170304,20170305
9694,1,1,1,1,1,1,1,20170101,20170705
9695,1,1,1,1,1,1,1,20170101,20170705
9688,0,0,0,0,0,1,1,20170204,20170211
9653,0,0,0,0,0,1,0,20170204,20170211
9690,0,0,0,0,0,1,1,20170204,20170212
9652,0,0,0,0,0,1,1,20170204,20170212
9689,1,0,0,0,0,0,1,20170205,20170212
9659,0,0,0,0,0,0,1,20170205,20170212
9654,1,1,1,1,1,0,0,20170424,20170528
9650,1,1,1,1,1,0,0,20170424,20170705
9651,0,0,0,0,0,0,1,20170101,20170423
9678,0,0,0,0,0,1,0,20170318,20170423
9674,0,0,0,0,0,1,0,20170318,20170422
9675,0,0,0,0,0,1,0,20170213,20170311
9672,0,0,0,0,0,0,1,20170101,20170129
9673,0,0,0,0,0,0,1,20170319,20170416
9677,0,0,0,0,0,0,1,20170101,20170312
9676,0,0,0,0,0,1,0,20170525,20170610
9649,0,0,0,0,0,1,0,20170508,20170701
9648,0,0,0,0,0,1,0,20170415,20170422
9662,0,0,0,0,0,1,0,20170306,20170423
9661,0,0,0,0,0,0,1,20170227,20170423
9660,1,1,1,1,1,0,0,20170424,20170705
9663,1,1,1,1,1,0,1,20170227,20170402
9666,1,1,1,1,1,1,0,20170102,20170422
9668,1,1,1,1,1,1,1,20170318,20170423
9667,0,1,1,1,1,1,0,20170501,20170514
9656,0,0,0,0,0,1,0,20170213,20170423
9664,0,0,0,0,0,0,1,20170409,20170416
9671,0,0,0,0,0,0,1,20170327,20170423
9669,1,1,1,1,1,1,1,20170101,20170317
9658,1,0,0,0,0,0,1,20170604,20170611
9657,0,0,0,0,0,0,1,20170101,20170423
9686,1,1,1,1,1,1,1,20170101,20170705
9687,1,1,1,1,1,1,1,20170101,20170705
9685,1,1,1,1,1,1,1,20170101,20170705
9643,1,1,1,1,1,1,1,20170101,20170705
9642,1,1,1,1,1,1,1,20170101,20170705
9647,1,1,1,1,1,1,1,20170101,20170705
9646,0,0,0,0,0,1,1,20170220,20170702
9716,0,0,0,0,0,1,1,20170206,20170702
9717,1,1,1,1,1,0,0,20170102,20170705
9704,0,0,0,0,0,1,1,20170213,20170423
9701,0,0,0,0,0,1,1,20170213,20170423
9702,1,1,1,1,1,1,1,20170220,20170423
9703,1,1,1,1,1,0,0,20170424,20170521
9706,1,1,1,1,1,0,0,20170213,20170421
9705,0,0,0,0,0,1,1,20170527,20170702
9707,0,0,0,0,0,1,1,20170227,20170423
9696,0,0,0,0,1,1,1,20170130,20170226
9700,0,0,0,0,0,1,1,20170527,20170702
9699,1,1,1,1,1,0,0,20170606,20170623
9698,0,0,0,0,0,1,1,20170206,20170423
9697,1,1,1,1,1,1,1,20170101,20170423
9731,1,0,0,0,0,1,1,20170204,20170212
9720,1,1,1,1,1,1,1,20170101,20170705
9719,1,1,1,1,1,1,1,20170101,20170705
9721,1,1,1,1,1,0,1,20170101,20170705
9356,0,0,0,0,0,1,1,20170603,20170610
9353,0,0,0,0,0,1,1,20170520,20170528
9360,0,0,0,0,0,1,0,20170520,20170610
9355,0,0,0,0,0,1,1,20170520,20170610
9361,0,0,0,0,0,1,1,20170102,20170212
9366,0,0,0,0,0,1,1,20170320,20170416
9368,0,0,0,0,0,1,1,20170102,20170212
9367,1,1,1,1,1,0,0,20170213,20170526
9363,1,1,1,1,1,1,1,20170213,20170526
9362,0,0,0,0,0,1,1,20170320,20170416
9395,1,1,1,1,1,0,0,20170327,20170526
9376,1,1,1,1,1,0,0,20170418,20170428
9394,1,1,1,1,1,0,0,20170509,20170526
9398,1,1,1,1,1,0,0,20170529,20170609
9357,0,0,0,0,0,0,1,20170528,20170604
9358,0,0,0,0,0,1,1,20170603,20170611
9354,0,0,0,0,0,1,1,20170520,20170528
9384,1,1,1,1,1,0,0,20170320,20170414
9386,0,0,0,0,0,1,1,20170320,20170525
9383,0,1,0,1,0,0,0,20170404,20170413
9382,1,1,1,1,1,1,0,20170612,20170705
9385,1,1,1,1,1,0,0,20170102,20170319
9387,0,0,0,0,0,1,1,20170325,20170430
9392,1,1,1,1,1,0,0,20170327,20170414
9393,1,1,1,1,1,0,0,20170130,20170305
9390,1,1,1,1,1,0,0,20170327,20170428
9372,0,0,0,0,0,1,1,20170325,20170416
9371,0,0,0,0,0,1,1,20170320,20170514
9373,0,0,0,0,0,1,1,20170320,20170416
9369,0,0,0,0,0,1,1,20170320,20170525
9370,0,0,0,0,0,0,1,20170320,20170521
9374,0,0,0,0,0,1,1,20170219,20170304
9379,1,1,1,0,1,0,0,20170109,20170113
9349,0,0,0,0,0,1,1,20170311,20170312
9380,1,1,1,1,1,0,0,20170509,20170609
9378,1,1,1,1,1,1,1,20170213,20170317
9338,1,1,1,1,1,0,0,20170109,20170705
9342,0,0,0,0,0,1,1,20170424,20170702
9347,1,1,1,1,1,1,1,20170101,20170705
9400,1,0,0,0,0,0,1,20170529,20170703
9402,1,1,1,1,1,1,1,20170306,20170312
9340,0,1,1,1,1,1,0,20170103,20170705
9352,0,0,0,0,0,1,1,20170320,20170702
9348,1,1,1,1,1,0,0,20170306,20170312
9351,1,1,1,1,1,0,1,20170101,20170705
9912,1,0,0,0,0,0,1,20170529,20170625
9898,1,1,1,1,1,0,0,20170102,20170205
9901,1,1,1,1,1,1,0,20170612,20170705
9897,0,0,0,0,0,1,1,20170327,20170416
9899,0,0,0,0,0,1,0,20170327,20170701
9913,0,0,0,0,0,1,0,20170327,20170701
9904,1,1,1,1,1,1,1,20170101,20170705
9905,1,1,1,1,1,1,1,20170101,20170705
9892,1,1,1,1,1,1,1,20170101,20170705
9890,0,0,0,0,0,1,1,20170327,20170416
9891,0,0,0,0,0,1,1,20170327,20170416
9911,0,0,0,0,0,1,1,20170327,20170416
9894,1,1,1,1,1,0,0,20170102,20170205
9910,1,1,1,1,1,0,1,20170227,20170312
9895,0,0,0,0,0,1,1,20170501,20170702
9896,1,1,1,1,1,0,0,20170417,20170528
9907,1,1,1,1,1,0,0,20170220,20170407
9906,1,1,1,1,1,1,1,20170410,20170705
9908,1,1,1,1,1,0,0,20170102,20170205
9893,0,0,0,0,0,1,1,20170327,20170416
9903,1,0,0,0,0,0,1,20170403,20170703
9900,1,1,1,1,1,0,0,20170220,20170326
9902,1,1,1,1,1,1,1,20170417,20170528
9914,0,0,0,0,0,0,1,20170129,20170204
9916,0,0,0,0,0,0,1,20170130,20170205
9915,0,0,0,0,0,1,1,20170107,20170128
9917,0,0,0,0,0,1,1,20170107,20170115
9792,1,1,1,1,1,1,1,20170102,20170705
9785,0,0,0,0,0,1,1,20170306,20170702
9793,0,0,0,0,0,1,1,20170306,20170528
9791,0,0,0,0,0,1,1,20170306,20170528
9794,1,1,1,1,1,1,1,20170123,20170212
9795,0,0,0,0,0,1,1,20170306,20170702
9797,1,0,0,0,0,0,1,20170227,20170326
9796,0,0,0,0,0,1,1,20170206,20170702
9790,1,1,1,1,1,1,1,20170424,20170521
9788,1,1,1,1,1,1,1,20170101,20170705
9802,0,0,0,0,0,1,1,20170306,20170702
9800,1,0,0,0,0,0,1,20170227,20170326
9787,0,0,0,0,0,1,1,20170109,20170129
9819,0,0,0,0,0,1,1,20170206,20170702
9804,0,0,0,0,0,1,1,20170206,20170702
9823,0,0,0,0,0,1,1,20170206,20170702
9822,0,0,0,0,0,1,1,20170206,20170702
9821,0,0,0,0,0,1,0,20170206,20170416
9820,0,0,0,0,0,0,1,20170206,20170416
9806,0,1,1,1,1,0,0,20170501,20170514
9817,1,1,1,1,1,1,1,20170508,20170705
9818,1,1,1,1,1,0,0,20170410,20170705
9825,1,1,1,1,1,0,0,20170410,20170705
9824,0,0,0,0,0,1,1,20170206,20170702
9811,1,1,1,1,1,1,1,20170101,20170705
9813,1,1,1,1,1,1,1,20170101,20170416
9814,1,1,1,1,1,0,0,20170102,20170630
9808,1,1,1,1,1,1,1,20170101,20170703
9809,1,1,1,1,1,1,1,20170101,20170705
9807,1,1,1,1,1,1,1,20170101,20170705
9810,1,1,1,1,1,1,1,20170101,20170702
9736,0,0,0,0,0,0,1,20170101,20170305
9738,0,0,0,0,0,1,0,20170107,20170212
9739,0,1,1,1,1,1,0,20170501,20170514
9757,1,1,1,1,1,1,0,20170102,20170705
9756,0,0,0,0,0,0,1,20170320,20170521
9761,1,0,0,0,0,0,1,20170123,20170305
9763,1,1,1,1,1,0,1,20170306,20170319
9758,0,0,0,0,0,1,1,20170101,20170305
9767,0,0,0,0,0,1,1,20170101,20170305
9764,0,0,0,0,0,1,1,20170101,20170305
9866,1,1,1,1,1,1,1,20170417,20170507
9742,0,0,0,0,0,0,1,20170320,20170702
9863,1,1,1,1,1,0,1,20170306,20170319
9864,1,1,1,1,1,1,1,20170417,20170507
9753,0,0,0,0,0,0,1,20170320,20170702
9873,0,0,0,0,0,1,1,20170101,20170305
9746,1,1,1,1,1,1,1,20170417,20170507
9868,1,1,1,1,1,1,1,20170109,20170129
9744,1,1,1,1,1,1,1,20170417,20170507
9872,1,1,1,1,1,1,1,20170417,20170507
9871,1,1,1,1,1,1,1,20170417,20170507
9862,1,1,1,1,1,0,0,20170102,20170705
9875,0,0,0,0,0,0,1,20170320,20170702
9874,0,0,0,0,0,0,1,20170320,20170702
9780,1,1,1,1,1,1,1,20170103,20170705
9782,1,1,1,1,1,1,0,20170103,20170705
9781,1,1,1,1,1,0,0,20170103,20170705
9848,1,1,1,1,1,1,1,20170103,20170705
9783,1,1,1,1,1,0,1,20170103,20170705
9877,1,1,1,1,1,0,0,20170102,20170630
9835,0,0,0,0,0,1,1,20170306,20170528
9831,1,1,1,1,1,1,1,20170424,20170521
9832,1,1,1,1,1,1,1,20170424,20170521
9838,1,1,1,1,1,1,1,20170101,20170705
9840,1,1,1,1,1,1,1,20170101,20170702
9839,0,0,0,0,0,1,1,20170306,20170528
9836,1,1,1,1,1,1,0,20170102,20170705
9828,1,1,1,1,1,1,1,20170424,20170521
9829,1,1,1,1,1,1,1,20170424,20170521
9847,0,0,0,0,0,0,1,20170306,20170528
9841,0,0,0,0,0,1,1,20170306,20170528
9842,1,1,1,1,1,0,0,20170529,20170705
9845,1,1,1,1,1,0,0,20170109,20170122
9846,1,1,1,1,1,0,0,20170109,20170122
9844,1,1,1,1,1,0,0,20170109,20170122
9856,1,1,1,1,1,1,0,20170109,20170122
9857,0,0,0,0,0,1,1,20170206,20170702
9858,0,0,0,0,0,1,1,20170108,20170702
9855,1,1,1,1,1,1,1,20170101,20170416
9854,1,1,1,1,1,1,1,20170101,20170702
9850,1,1,1,1,1,1,1,20170101,20170416
9853,1,1,1,1,1,1,1,20170101,20170705
9851,1,1,1,1,1,1,1,20170101,20170409
9852,1,1,1,1,1,1,1,20170612,20170705
9768,0,0,0,0,0,1,0,20170424,20170521
9776,1,1,1,1,1,0,0,20170109,20170122
9775,1,1,1,1,1,1,1,20170410,20170507
9750,1,1,1,1,1,0,0,20170529,20170630
9777,1,1,1,1,1,0,0,20170109,20170122
9774,1,0,0,0,0,0,1,20170327,20170409
9771,0,0,0,0,0,0,1,20170101,20170305
9772,0,0,0,0,0,1,1,20170424,20170521
9769,1,1,1,1,1,1,0,20170102,20170705
9740,0,1,1,1,1,1,0,20170501,20170514
9770,1,1,1,1,1,0,0,20170410,20170705
9754,1,1,1,1,1,1,0,20170109,20170122
9755,1,1,1,1,1,1,0,20170109,20170122
9748,1,1,1,1,1,1,1,20170417,20170507
9749,1,0,0,0,0,1,1,20170501,20170514
9745,1,1,1,1,1,1,1,20170410,20170507
9751,1,1,1,1,1,1,1,20170410,20170507
9752,1,1,1,1,1,0,0,20170529,20170630
9741,0,1,1,1,1,1,0,20170501,20170514
9231,0,1,1,1,1,1,0,20170501,20170514
9234,0,0,0,0,0,1,0,20170102,20170226
9233,0,0,0,0,0,1,0,20170102,20170226
9236,0,0,0,0,0,1,0,20170501,20170702
9227,0,0,0,0,0,0,1,20170101,20170409
9228,0,0,0,0,0,0,1,20170101,20170226
9230,0,0,0,0,0,0,1,20170101,20170409
9229,1,0,0,0,0,0,0,20170102,20170416
9232,0,0,0,0,0,0,1,20170101,20170226
9235,1,0,0,0,0,0,0,20170102,20170416
9238,0,0,0,0,0,0,1,20170101,20170226
9237,1,0,0,0,0,0,0,20170102,20170416
