service_id,monday,tuesday,wednesday,thursday,friday,saturday,sunday,start_date,end_date
10792,1,1,1,1,1,1,1,20161201,20170607
10811,0,0,0,0,1,0,0,20170217,20170526
10833,0,1,1,1,1,1,0,20161201,20161217
10119,0,1,1,1,1,1,0,20161201,20161210
10835,0,0,0,0,0,0,1,20170206,20170409
10352,0,1,1,1,1,1,0,20161213,20161217
10834,1,1,1,1,1,0,0,20161201,20161216
10172,1,1,1,1,1,0,0,20161201,20170607
10408,0,0,0,0,0,1,1,20161203,20170604
10009,1,1,1,1,1,1,1,20161201,20170607
10789,1,1,1,1,1,1,1,20161201,20170607
10790,1,1,1,1,1,1,1,20161201,20170607
10171,1,1,1,1,1,0,0,20170102,20170607
10778,1,1,1,1,1,1,1,20161201,20170603
10777,1,1,1,1,1,1,1,20161201,20170602
10800,0,0,0,0,0,1,1,20170417,20170528
10801,0,0,0,0,0,1,1,20170417,20170604
10291,1,1,1,1,1,0,0,20161226,20161230
10794,0,0,0,0,0,1,1,20170327,20170604
10795,0,0,0,0,0,1,1,20170327,20170514
10817,0,0,0,0,0,1,1,20170313,20170416
10816,0,0,0,0,0,1,0,20170213,20170409
10815,1,0,0,0,0,0,1,20170213,20170416
10218,1,1,1,1,1,0,0,20161212,20170607
10780,0,0,0,0,0,1,1,20170102,20170604
10294,0,0,0,0,0,1,0,20161203,20170603
10818,0,0,0,0,0,1,1,20170401,20170416
10808,0,0,0,1,1,0,0,20161201,20161202
10524,0,0,0,1,1,0,0,20161201,20161202
10802,0,0,0,0,0,1,1,20161203,20161210
10803,0,0,0,0,0,1,1,20161211,20170604
10805,1,1,1,1,1,0,0,20161205,20170607
10327,1,1,1,1,1,0,0,20161205,20161209
10566,0,0,0,0,0,1,0,20161217,20170603
10804,1,1,1,1,1,1,1,20161203,20170607
10806,0,0,0,0,0,1,0,20161203,20161210
10807,1,1,1,1,1,1,0,20161203,20161210
10122,1,1,1,1,1,1,1,20161211,20170607
10406,0,0,0,0,0,1,1,20161203,20170604
10810,0,0,0,1,1,0,0,20161201,20161202
10809,1,1,1,1,1,1,0,20161203,20170607
10821,0,0,0,0,0,1,1,20161203,20170604
10822,0,0,0,0,0,0,1,20161204,20170604
10825,0,0,0,0,0,1,0,20161203,20170430
10113,1,1,1,1,1,0,0,20161201,20161209
10823,0,0,0,0,0,1,1,20170506,20170507
10827,0,0,0,0,0,1,1,20161203,20170604
10824,1,1,1,1,1,0,0,20170102,20170607
10826,0,0,0,0,0,1,1,20161203,20170604
10830,1,1,1,1,1,1,1,20161201,20170607
10829,1,1,1,1,1,1,1,20161201,20170607
10828,1,1,1,1,1,1,0,20161201,20170607
10832,1,1,1,1,1,1,0,20170102,20170607
10831,1,1,1,1,1,1,1,20161201,20170607
10820,0,0,0,0,0,0,1,20161211,20170409
10030,1,1,1,1,1,0,0,20161201,20161209
10350,1,1,1,1,1,0,0,20161212,20161216
10814,0,0,0,0,0,1,0,20161203,20161217
10812,1,1,1,1,1,1,0,20161212,20161217
10813,0,1,1,1,1,1,0,20161201,20161216
10779,1,1,1,1,1,1,1,20161201,20170607
10782,0,1,1,1,1,0,0,20161213,20161216
10776,1,1,1,1,1,1,1,20161201,20170602
10775,1,1,1,1,1,1,1,20161201,20170607
10788,1,0,0,0,0,1,1,20170424,20170528
10787,0,0,0,0,0,1,1,20170424,20170604
10027,0,0,0,0,0,0,1,20161211,20170604
10793,1,1,1,1,1,0,0,20170213,20170607
10799,1,1,1,1,1,1,1,20161201,20170607
10798,0,0,0,0,0,1,1,20170327,20170528
10796,0,0,0,0,0,1,1,20170213,20170416
10797,0,0,0,0,0,1,1,20170327,20170528
10791,1,1,1,1,1,0,0,20170102,20170607
10167,0,1,1,1,1,0,0,20161213,20161223
10168,0,0,0,0,0,1,0,20161217,20161224
10110,0,0,0,0,1,0,0,20161216,20161223
10121,1,1,1,1,0,0,0,20161212,20161222
10170,0,1,1,1,0,0,0,20161213,20161222
10169,1,1,1,1,0,0,0,20161212,20161223
10588,1,1,1,1,1,0,0,20170206,20170217
10586,1,1,1,1,1,1,1,20161201,20170607
10587,1,0,0,1,0,0,0,20161201,20161208
10324,0,1,1,1,1,1,0,20161206,20161210
10223,0,0,0,0,0,1,1,20170128,20170129
10595,0,1,1,1,1,1,0,20170207,20170218
10596,0,0,0,0,1,1,0,20161209,20161210
10011,1,1,1,1,1,1,0,20161201,20170607
10589,1,1,1,1,1,0,0,20161212,20161230
10348,1,1,1,1,1,0,0,20170102,20170106
10351,0,1,1,1,1,1,0,20170103,20170107
10346,1,1,1,1,1,1,0,20161205,20161210
10283,0,0,0,1,1,0,0,20161201,20161202
10353,0,1,1,1,1,1,0,20161220,20161224
10231,1,1,1,1,1,0,0,20161219,20161223
10354,1,1,0,1,1,0,0,20161201,20161209
10645,1,1,1,1,1,0,0,20170109,20170127
11129,0,1,1,1,1,1,0,20170110,20170128
10664,1,1,1,1,1,0,0,20161205,20161223
10601,0,0,0,1,1,1,0,20161201,20161203
10843,0,0,0,0,0,0,1,20161211,20170409
10063,0,0,0,0,0,1,1,20161203,20161210
10022,0,0,0,0,0,1,0,20161203,20161210
10083,1,1,1,1,1,1,0,20161201,20161210
10844,0,0,0,0,0,1,0,20161201,20170603
10845,1,1,1,1,1,1,0,20161201,20170607
10044,1,1,1,1,1,1,0,20161212,20170607
10021,0,0,0,0,0,0,1,20161204,20170604
10846,0,0,0,0,0,0,1,20161211,20170604
10101,1,1,1,1,1,1,0,20161201,20161210
10842,0,1,1,1,1,1,0,20161201,20161217
10363,0,1,1,1,1,1,0,20161201,20161210
10774,0,0,0,0,0,1,0,20170107,20170204
10771,0,1,1,1,1,1,0,20170103,20170128
10769,0,1,1,1,1,1,0,20161201,20161224
10754,1,1,1,1,1,0,0,20170130,20170210
10770,0,1,1,1,1,1,0,20170103,20170211
10054,1,1,1,1,0,0,0,20161201,20161208
10773,1,1,1,1,1,0,0,20161205,20161230
10772,1,1,1,1,1,0,0,20170102,20170607
10758,0,1,1,1,1,1,0,20170131,20170211
10585,0,1,1,1,1,1,0,20170110,20170607
10584,1,1,1,1,1,0,0,20170109,20170607
10462,0,1,1,1,1,1,0,20161201,20161230
10461,0,1,1,1,1,1,0,20161201,20161230
10463,1,1,1,1,1,0,0,20161201,20161230
10464,1,1,1,1,1,0,0,20161201,20161230
11135,1,1,1,1,1,0,0,20170306,20170407
10516,1,1,1,1,0,0,0,20161201,20161208
11134,0,1,1,1,1,1,0,20161201,20170607
10885,0,0,0,0,0,0,1,20170115,20170122
11138,1,1,1,1,1,0,0,20170102,20170303
11137,0,1,1,1,1,1,0,20170102,20170304
11136,1,0,0,0,0,0,0,20161205,20161219
11139,0,1,1,1,1,0,0,20170102,20170303
11140,1,1,1,1,1,0,0,20161201,20161223
8532,0,0,0,0,0,1,0,20161217,20170107
8531,1,0,0,0,0,0,0,20161219,20170102
8529,1,1,1,1,1,0,0,20161214,20170106
11690,0,0,0,0,0,1,1,20170212,20170604
11691,0,0,0,0,0,1,1,20161203,20170211
11677,1,1,1,1,1,0,0,20170102,20170210
11489,1,1,1,1,1,0,0,20170213,20170607
11678,1,1,1,1,1,1,1,20161203,20170211
10332,0,0,0,0,0,0,1,20161225,20170101
11683,1,1,0,0,0,0,0,20170120,20170124
11680,0,1,1,1,1,0,0,20161206,20161209
11684,1,1,1,1,1,1,1,20161205,20170211
10515,0,0,0,1,1,0,0,20161201,20161202
11681,0,0,0,0,0,1,1,20161203,20161204
11682,0,0,0,0,0,1,1,20170121,20170122
11679,1,1,1,1,1,1,1,20170212,20170607
11685,1,1,1,1,1,1,1,20161205,20170211
11705,0,0,0,1,1,0,0,20161201,20161202
11695,1,1,1,1,1,0,0,20170102,20170210
11696,0,1,1,1,0,0,0,20161213,20161215
10175,0,0,0,0,0,1,1,20161203,20161204
11698,0,1,1,1,1,0,0,20161201,20161209
11699,0,0,0,0,0,1,1,20161210,20170115
11701,1,1,1,1,1,1,1,20161205,20170211
11700,1,1,1,1,1,0,0,20170102,20170210
11686,1,1,1,1,1,1,1,20170213,20170607
11687,1,1,1,1,1,1,1,20161201,20170211
11689,1,0,0,0,0,0,0,20161226,20170102
10864,0,1,1,1,1,1,0,20161227,20161231
11688,1,1,1,1,1,1,1,20161204,20170212
11692,1,1,1,1,1,1,1,20161204,20170212
11694,0,0,0,1,1,0,0,20161201,20161202
11702,0,0,0,0,0,1,1,20161210,20170211
11704,1,1,1,1,1,1,1,20161205,20170211
11703,0,0,0,0,0,1,1,20170123,20170604
11693,1,1,1,1,1,1,1,20161211,20170211
10453,0,1,1,1,1,0,0,20170117,20170120
10452,0,1,1,1,1,0,0,20170124,20170127
10432,0,1,1,1,1,0,0,20170207,20170210
10419,1,1,1,1,1,0,0,20170515,20170521
10457,1,1,1,1,0,0,0,20170123,20170126
10458,1,1,1,1,0,0,0,20170206,20170209
10460,1,1,1,1,0,0,0,20170116,20170119
10423,0,1,1,1,1,1,0,20170516,20170520
10438,0,0,0,0,0,1,1,20170116,20170129
10437,1,1,1,1,1,1,1,20161201,20170607
10439,1,0,0,0,0,0,1,20170116,20170129
10434,1,1,1,1,1,1,1,20161201,20170607
10444,1,1,1,1,1,1,1,20161201,20170607
10445,1,1,1,1,1,1,1,20161201,20170607
10441,1,1,1,1,1,1,1,20161201,20170607
10416,0,0,0,0,0,1,1,20161203,20170604
10417,1,1,1,1,1,1,1,20161201,20170607
10418,0,0,0,0,0,1,1,20161203,20170604
10371,1,0,0,0,0,0,1,20170116,20170129
10372,1,1,1,1,1,1,1,20161204,20170607
10370,1,1,1,1,1,1,1,20161201,20170607
10373,1,1,1,1,1,0,0,20170220,20170224
10377,1,1,1,1,1,1,1,20161211,20170607
10376,1,1,1,1,1,1,0,20170220,20170225
10374,0,1,1,1,1,1,0,20170131,20170204
10387,0,0,0,0,0,1,1,20161203,20170409
10388,1,1,1,1,1,1,1,20161201,20170607
10390,0,0,0,0,0,1,1,20161203,20170409
10391,1,1,1,1,1,1,1,20161201,20170607
10394,1,1,1,1,1,0,0,20170522,20170602
10395,1,1,1,1,1,1,1,20170320,20170423
10393,1,1,1,1,1,0,0,20170130,20170203
10396,1,1,1,0,0,0,0,20170605,20170607
10399,0,0,0,0,0,1,1,20170415,20170416
10405,1,1,1,1,1,1,1,20170102,20170205
10398,1,1,1,1,1,1,1,20161201,20170604
10397,1,1,1,1,1,1,1,20161201,20170607
10402,1,1,1,1,1,1,1,20170102,20170605
10400,1,1,1,1,1,1,1,20170320,20170423
10358,0,0,0,0,0,1,1,20161203,20170409
10364,1,1,1,1,1,1,1,20161201,20170607
10365,0,0,0,0,0,1,1,20161203,20170409
10366,1,1,1,1,1,1,1,20161201,20170607
10369,1,1,1,1,1,1,1,20161201,20170607
10359,1,1,1,1,1,1,1,20161201,20170607
10368,1,1,1,1,1,1,1,20161201,20170607
10367,1,1,1,1,1,0,0,20170227,20170607
10361,1,1,1,1,1,1,1,20161203,20170607
10360,1,1,1,1,1,1,1,20161201,20170607
10362,1,1,1,1,1,1,1,20161204,20170605
10428,1,1,1,1,0,0,0,20170116,20170126
10430,1,1,1,1,1,0,0,20170206,20170210
10427,0,1,1,1,1,0,0,20170117,20170127
10426,1,0,0,0,0,0,0,20170116,20170123
10409,1,1,1,1,1,0,0,20170213,20170514
10415,1,1,1,1,1,0,0,20170213,20170514
10411,1,0,0,0,0,0,1,20170109,20170129
10410,1,1,1,1,1,1,1,20161201,20170607
10414,0,1,1,1,0,0,0,20170110,20170112
10413,1,0,0,0,0,0,1,20170116,20170129
10412,1,1,1,1,1,0,0,20170213,20170514
10451,0,1,1,1,1,1,0,20170207,20170211
10431,0,0,0,1,1,1,0,20161208,20161210
10386,0,0,0,0,0,1,1,20170416,20170423
10385,0,0,0,0,0,1,1,20170415,20170423
10381,1,1,1,1,1,1,0,20161201,20161210
10382,1,1,1,1,1,1,1,20161211,20170607
10380,1,1,1,1,1,1,1,20170102,20170205
10378,1,1,1,1,1,1,1,20161211,20170607
10379,0,0,0,0,0,1,1,20161203,20161210
10383,1,1,1,1,1,1,1,20161201,20170607
10389,0,0,0,0,0,1,1,20161203,20170409
10448,1,1,1,1,1,1,1,20161201,20170607
10447,1,1,1,1,1,1,1,20161201,20170607
10446,1,1,1,1,1,1,1,20161201,20170607
10450,1,1,1,1,1,1,1,20161201,20170607
10449,1,1,1,1,1,1,1,20161201,20170607
10077,1,1,1,1,1,0,0,20170515,20170607
10037,1,1,1,1,1,0,0,20170102,20170607
10015,1,1,1,1,1,0,0,20170102,20170607
10099,0,0,0,0,0,1,1,20161203,20161204
10144,1,0,0,0,0,0,0,20170103,20170227
10143,1,1,1,1,0,0,0,20170102,20170105
10031,1,1,1,1,1,0,0,20170102,20170331
10116,1,0,0,0,0,0,0,20161201,20161225
10114,1,1,1,1,1,0,0,20170102,20170607
10151,1,1,1,1,0,0,1,20170102,20170607
10150,1,1,1,1,1,0,0,20170109,20170507
10080,0,0,0,0,0,0,1,20170102,20170430
10081,1,0,0,0,0,0,0,20170109,20170507
10105,1,1,1,1,1,0,0,20170403,20170507
10102,0,1,1,1,1,0,0,20170403,20170507
10104,0,0,0,0,0,0,1,20161211,20170604
10103,1,1,1,1,1,0,0,20161201,20161209
10100,0,0,0,0,0,0,1,20170102,20170409
10148,0,0,0,0,0,0,1,20170101,20170226
10147,0,0,0,0,1,1,0,20161212,20170604
10146,0,0,0,0,0,0,1,20170101,20170226
10028,1,1,1,1,1,0,0,20170515,20170607
10012,0,0,0,0,0,1,1,20161203,20170604
10016,0,0,0,0,0,1,0,20161202,20170603
10014,0,0,0,0,1,1,0,20161201,20170607
10018,1,1,1,1,1,1,0,20161201,20161210
10017,0,0,0,0,1,1,0,20161201,20170604
10013,0,0,0,0,0,1,1,20161203,20170604
10010,0,0,0,0,1,1,0,20161201,20170604
10008,1,1,1,1,1,1,1,20161201,20170607
10019,0,0,0,0,0,1,0,20161226,20170604
10026,0,0,0,0,0,0,1,20161204,20170604
10025,0,0,0,0,0,1,0,20161203,20170603
10020,1,1,1,1,1,1,0,20161201,20170607
10024,0,0,0,0,0,1,0,20170109,20170312
10023,0,0,0,0,0,0,1,20161203,20170409
10065,0,0,0,0,0,1,0,20161203,20170603
10004,0,0,0,0,0,0,1,20161204,20170604
10003,0,0,0,0,1,1,0,20161202,20161210
10005,0,0,0,0,0,0,1,20161203,20170604
10002,0,0,0,0,0,1,0,20170102,20170205
10126,0,0,0,0,0,0,1,20161203,20170604
10131,1,1,1,1,0,0,1,20170102,20170607
10128,1,1,1,1,0,0,0,20170102,20170122
10127,1,1,1,1,0,0,0,20170515,20170607
10130,1,1,1,1,0,0,1,20170102,20170607
10129,0,0,0,0,0,1,0,20161217,20170603
10029,1,1,1,1,1,0,0,20170102,20170607
10108,0,0,0,0,1,0,0,20170407,20170521
10120,0,0,0,0,1,0,0,20170106,20170122
10123,1,1,1,1,0,0,0,20170102,20170122
10082,0,0,0,0,0,1,0,20161202,20170603
10079,0,0,0,0,0,1,1,20161211,20170604
10078,0,0,0,0,0,1,1,20161201,20170604
10085,0,0,0,0,0,1,1,20161203,20161210
10084,0,0,0,0,0,1,0,20161202,20170507
10087,0,0,0,0,0,1,1,20161203,20170604
10086,0,0,0,0,0,1,1,20161211,20170604
10124,1,1,1,1,1,0,0,20170102,20170122
10062,1,1,1,1,1,1,1,20161211,20170607
10162,0,0,0,0,0,0,1,20170213,20170312
10036,1,1,1,1,1,1,0,20161201,20170607
10034,1,1,1,1,1,1,0,20161201,20170607
10071,1,1,1,1,1,1,0,20161201,20161210
10072,0,0,0,0,0,1,0,20170130,20170219
10068,1,1,1,1,1,1,1,20161201,20170607
10033,1,1,1,1,1,1,1,20161201,20170607
10035,0,0,0,0,0,0,1,20161211,20170604
10047,1,1,1,1,1,1,0,20161201,20161210
10067,0,0,0,0,0,1,1,20161210,20170604
10066,1,1,1,1,1,1,1,20161202,20170607
10069,1,1,1,1,1,1,0,20161201,20161210
10117,0,0,0,0,1,0,0,20161216,20161225
10118,1,1,1,1,0,0,0,20161212,20161225
10163,1,1,1,1,0,0,0,20161201,20161208
10159,1,1,1,1,0,0,1,20170102,20170122
10165,1,1,1,1,0,0,1,20170102,20170607
10164,1,1,1,1,0,0,1,20170102,20170122
10096,0,0,0,0,1,1,0,20161217,20170603
10094,0,0,0,0,0,1,0,20161203,20170603
10091,1,1,1,1,1,1,1,20161201,20170401
10092,1,1,1,1,1,1,1,20170402,20170607
10090,1,1,1,1,1,1,1,20161201,20170607
10088,0,0,0,0,0,1,0,20161202,20170603
10089,0,0,0,0,1,1,0,20161202,20170603
10057,1,1,1,1,1,1,1,20161201,20170607
10152,1,1,1,1,1,1,1,20161201,20170607
10153,1,1,1,1,1,1,1,20161201,20170607
10157,0,0,0,0,0,1,1,20161203,20170604
10156,0,0,0,0,0,1,1,20161203,20161210
10161,0,0,0,0,0,1,1,20161203,20170604
10135,1,1,1,1,0,0,1,20170102,20170607
10145,0,0,0,0,0,0,1,20170108,20170226
10064,0,0,0,0,0,1,1,20161211,20170604
10142,1,1,1,1,0,0,0,20161201,20161208
10139,1,1,1,1,1,0,0,20170102,20170607
10140,0,0,0,0,0,0,1,20170109,20170129
10074,0,1,1,1,1,1,0,20161201,20161210
10075,0,0,0,0,0,0,1,20161203,20170604
10076,0,0,0,0,0,1,0,20161202,20170603
10073,0,0,0,0,0,1,0,20161202,20170603
10106,0,0,0,0,1,0,0,20170102,20170122
10107,0,0,0,0,0,1,0,20170107,20170122
10111,1,1,1,1,1,0,0,20170102,20170122
10125,0,0,0,0,1,0,0,20161216,20161225
10158,1,1,1,1,1,0,0,20170220,20170319
10160,1,1,1,1,1,0,0,20170417,20170607
10149,1,1,1,1,0,0,1,20170102,20170607
10112,0,0,0,0,0,1,0,20161202,20170603
10134,0,1,1,1,1,1,0,20161213,20161224
10055,0,0,0,0,0,0,1,20170102,20170430
10053,0,0,0,0,0,0,1,20170102,20170430
10056,1,1,1,1,1,1,1,20161201,20170607
10058,0,0,0,0,0,1,0,20161203,20170507
10059,0,0,0,0,0,1,1,20161203,20161225
10060,0,0,0,0,0,1,1,20161203,20170604
10061,0,0,0,0,0,1,0,20161217,20170603
10138,0,0,0,0,0,0,1,20170102,20170205
10042,0,0,0,0,0,1,0,20161210,20170603
10043,0,1,1,1,1,1,0,20161201,20161210
10050,0,0,0,0,0,1,0,20161217,20170603
10046,1,1,1,1,1,1,0,20161201,20161210
10048,1,1,1,1,1,1,0,20161212,20170607
10039,0,0,0,0,0,1,0,20161202,20170604
10040,0,0,0,0,0,1,1,20161205,20170604
10041,1,1,1,1,1,0,0,20170220,20170326
10038,0,0,0,0,0,1,1,20161210,20170604
10132,1,1,1,1,0,0,0,20161212,20161225
10155,0,0,0,0,1,1,0,20161217,20170604
10154,1,1,1,1,1,1,0,20161201,20161210
10322,0,0,0,0,0,1,1,20170318,20170319
10192,1,1,1,1,1,0,1,20161201,20170607
10191,0,0,0,0,1,0,1,20161202,20161204
10200,1,1,1,1,1,1,1,20161210,20170607
10197,0,0,0,0,0,0,1,20161211,20170312
10195,1,1,1,1,1,1,1,20161201,20170607
10199,1,1,1,1,1,1,0,20161201,20170607
10196,0,0,0,0,0,1,1,20161210,20170312
10198,0,0,0,0,0,1,0,20170320,20170603
10203,1,1,1,1,1,1,1,20161201,20170607
10202,0,0,0,0,0,1,1,20161210,20170312
10194,1,1,1,1,1,1,1,20161201,20170607
10186,1,1,1,1,1,1,0,20161201,20170607
10201,1,1,1,1,1,0,0,20161214,20170607
10337,1,1,1,1,1,1,1,20161201,20170607
10177,0,0,0,0,0,1,0,20161210,20170603
10176,1,1,1,1,1,1,0,20161201,20170607
10241,0,0,0,0,0,0,1,20161211,20170604
10309,0,0,0,0,0,0,1,20170313,20170604
10280,1,1,1,1,1,0,0,20161212,20161223
10310,1,1,1,1,1,1,1,20161201,20170607
10314,1,1,1,1,1,1,0,20161201,20170607
10312,1,1,1,1,1,1,1,20161202,20170607
10313,1,1,1,1,1,1,1,20161201,20170607
10183,0,0,0,0,0,1,0,20161210,20170312
10315,1,1,1,1,1,1,1,20161201,20170607
10248,1,1,1,1,1,1,1,20161210,20170607
10311,1,1,1,1,1,1,1,20161203,20170607
10251,1,1,1,1,1,1,1,20161201,20170607
10227,1,1,1,1,1,1,1,20161201,20170607
10252,1,1,1,1,1,1,1,20161201,20170607
10318,1,1,1,1,1,1,1,20161201,20170607
10317,1,1,1,1,1,0,1,20161201,20170607
10262,1,1,1,1,1,1,1,20161201,20170607
10179,0,0,0,0,0,0,1,20161211,20170312
10338,0,0,0,0,0,0,1,20170320,20170604
10178,0,0,0,0,0,0,1,20170320,20170604
10339,0,0,0,0,0,0,1,20170320,20170604
10278,0,0,0,0,1,1,1,20161202,20161204
10282,0,0,0,0,1,1,1,20161202,20161204
10286,1,1,1,1,1,1,1,20161205,20170607
10287,0,0,0,0,0,1,1,20161203,20170312
10284,1,1,1,1,1,1,1,20161206,20170607
10281,0,0,0,0,0,1,1,20161203,20161204
10285,1,1,1,1,1,1,1,20161205,20170607
10180,0,0,0,0,0,1,1,20161210,20170604
10296,1,1,1,1,1,0,0,20170102,20170607
10331,0,0,0,0,0,1,1,20161211,20170312
10257,1,1,1,1,1,1,1,20170102,20170607
10256,1,1,1,1,1,1,1,20161201,20170607
10259,1,1,1,1,1,1,1,20170102,20170607
10269,0,0,0,0,0,1,1,20161210,20170312
10268,1,1,1,1,1,1,0,20161201,20170607
10270,1,1,1,1,1,1,1,20161201,20170607
10267,1,1,1,1,1,1,0,20161201,20170607
10258,1,1,1,1,1,1,1,20161201,20170607
10263,1,1,1,1,1,0,0,20161201,20170607
10264,1,1,1,1,1,1,1,20161201,20170607
10266,1,1,1,1,1,1,0,20161201,20170607
10265,1,1,1,1,1,1,1,20161201,20170607
10260,1,1,1,1,1,1,1,20161201,20170607
10261,1,1,1,1,1,1,1,20161201,20170607
10229,1,1,1,1,1,1,1,20161201,20170607
10272,1,1,1,1,1,1,1,20161201,20170607
10275,1,1,1,1,1,1,1,20170102,20170607
10276,1,1,1,1,1,1,1,20170102,20170607
10279,0,1,1,0,0,0,0,20161227,20161228
10274,1,1,1,1,1,1,0,20170102,20170607
10271,1,1,1,1,1,1,0,20170102,20170607
10273,0,0,0,0,0,1,1,20161203,20170312
10222,1,1,1,1,1,1,1,20161201,20170607
10217,1,1,1,1,1,1,0,20161201,20161210
10214,1,1,1,1,1,1,1,20161211,20170607
10228,1,1,1,1,1,1,1,20161201,20170607
10226,1,1,1,1,1,0,0,20161201,20170607
10219,0,0,0,0,0,1,1,20161210,20170312
10225,1,1,1,1,1,1,1,20161210,20170607
10224,1,1,1,1,1,1,1,20161201,20170607
10208,1,1,1,1,1,1,1,20161201,20170607
10238,0,1,1,1,1,1,0,20170103,20170607
10239,0,1,1,1,1,1,0,20170102,20170607
10255,0,0,0,0,0,1,0,20170320,20170603
10343,1,1,1,1,1,1,1,20161201,20170607
10182,1,1,1,1,1,1,0,20161201,20170607
10185,1,1,1,1,1,1,1,20161201,20170607
10189,1,1,1,1,1,1,0,20161201,20170607
10187,1,1,1,1,1,1,0,20161201,20170607
10188,1,1,1,1,1,1,0,20161201,20170607
10333,0,0,0,0,0,1,0,20161217,20170312
10215,1,1,1,1,1,1,1,20161201,20170607
10213,1,1,1,1,1,0,0,20161201,20170607
10209,1,1,1,1,1,1,1,20161201,20170607
10211,0,0,0,0,0,1,1,20161204,20170312
10210,1,0,0,0,0,1,1,20170501,20170514
10206,1,1,1,1,1,1,1,20161205,20170607
10205,1,1,1,1,1,1,1,20161210,20170607
10216,1,1,1,1,1,1,1,20161211,20170607
10254,0,0,0,0,0,0,1,20161204,20170312
10244,0,0,0,0,0,1,1,20161210,20170604
10245,0,0,0,0,0,1,1,20161204,20170604
10243,0,0,0,0,0,1,1,20161211,20170604
10247,1,1,1,1,1,1,1,20161205,20170607
10232,1,1,1,1,1,0,0,20161201,20170607
10253,0,0,0,0,0,1,1,20161210,20170604
10249,0,0,0,0,0,1,1,20161210,20170312
10250,1,1,1,1,1,1,1,20161201,20170607
10326,1,1,1,1,1,0,0,20161201,20161209
10230,0,0,0,0,0,1,0,20170320,20170603
10233,1,1,1,1,1,1,0,20161201,20170607
10308,1,1,1,1,1,0,0,20170102,20170607
10307,1,1,1,1,1,0,0,20170102,20170607
10340,0,0,0,0,0,1,1,20161203,20161204
10341,1,1,1,1,1,1,1,20161211,20170607
10237,0,0,0,0,0,1,0,20161203,20170312
10336,0,0,0,0,0,0,1,20170320,20170604
10236,1,1,1,1,1,1,0,20161201,20170607
10235,1,1,1,1,1,1,0,20161201,20170607
10288,0,0,0,0,1,1,0,20161202,20161203
10289,0,0,0,0,1,1,0,20161202,20161203
10295,1,1,1,1,1,1,0,20161201,20170607
10293,1,1,1,1,1,1,1,20161201,20170607
10292,1,1,1,1,1,1,0,20161201,20170607
10342,0,0,0,0,0,1,0,20161203,20161204
10304,1,1,1,1,1,0,0,20161201,20170607
10303,1,1,1,1,1,1,1,20161201,20170607
10306,1,1,1,1,1,1,1,20161206,20170607
10305,0,0,0,1,1,0,1,20161201,20161204
10301,1,1,1,1,1,1,0,20170102,20170607
10297,1,1,1,1,1,1,1,20170102,20170607
10300,1,1,1,1,1,1,1,20170102,20170607
10299,1,1,1,1,1,1,1,20161201,20170607
10302,1,1,1,1,1,1,0,20161201,20170607
10298,0,0,0,0,0,1,1,20170320,20170604
10328,0,0,0,0,0,1,0,20161210,20170312
10329,0,0,0,0,0,1,0,20161210,20170312
11670,1,1,1,1,1,1,1,20170102,20170607
11668,1,1,1,1,1,1,1,20161225,20170101
11053,0,0,0,0,0,1,1,20161225,20170101
11669,0,0,0,0,0,1,1,20170102,20170604
11667,1,1,1,1,1,1,1,20161226,20170102
11061,1,1,1,1,1,0,0,20170102,20170607
11666,1,1,1,1,1,1,1,20170102,20170607
11674,1,1,1,1,1,1,1,20170102,20170607
11673,0,0,0,0,0,1,1,20170102,20170604
11676,1,1,1,1,1,1,1,20170102,20170607
11675,1,1,1,1,1,1,1,20170102,20170607
11672,1,0,0,0,0,0,1,20161226,20170102
11671,1,1,1,1,1,1,1,20161201,20170607
10552,1,1,1,1,1,1,1,20161202,20170607
10522,1,1,1,1,1,1,1,20170130,20170604
10520,1,1,1,1,1,0,0,20161212,20170607
10521,0,0,0,0,0,1,1,20161203,20170604
10526,1,1,1,1,1,1,1,20161211,20170607
10527,1,1,1,1,1,1,0,20161203,20161210
10523,0,0,0,1,1,1,1,20161201,20161204
10525,1,1,1,1,1,1,1,20161210,20170115
10506,1,1,1,1,1,0,0,20170220,20170602
10504,1,1,1,1,1,1,1,20161201,20170607
10508,0,0,0,0,0,0,1,20161204,20170604
10509,1,1,1,1,0,0,0,20161201,20161208
10507,1,1,1,1,0,0,0,20161212,20170607
10501,1,1,1,1,1,0,0,20161201,20170326
10499,1,1,1,1,0,0,0,20170327,20170330
10500,1,1,1,0,0,0,0,20170327,20170329
10503,0,0,0,0,1,0,0,20161216,20170602
10502,0,0,0,0,1,0,0,20161202,20161209
10517,0,0,0,0,0,1,1,20170506,20170507
10519,1,1,1,1,1,1,1,20161211,20170607
10512,1,1,1,1,1,0,0,20161212,20170217
10510,1,1,1,1,1,0,0,20170220,20170416
10511,1,1,1,1,1,0,0,20161205,20161209
10513,0,0,0,0,1,0,0,20161202,20170602
10528,1,1,1,1,1,0,0,20161201,20161209
10574,1,1,1,1,1,1,1,20161201,20170607
10575,0,0,0,0,0,1,1,20161203,20170604
10576,1,1,1,1,1,1,0,20161201,20170607
10573,1,1,1,1,1,1,1,20161201,20170607
10546,0,0,0,0,0,0,1,20170306,20170604
10572,0,0,0,0,0,0,1,20170226,20170305
10583,1,1,1,1,1,0,0,20161212,20170331
10484,1,1,1,1,1,1,1,20161212,20170115
10485,0,1,1,1,1,1,0,20170404,20170408
10482,1,1,1,1,1,1,1,20161201,20170607
10489,1,1,1,1,1,1,1,20161201,20170607
10488,1,1,1,1,1,1,1,20161212,20170115
10486,1,1,1,1,1,1,1,20161212,20170205
10487,1,1,1,1,1,0,0,20170116,20170120
10582,1,1,1,1,1,1,1,20161201,20170607
10551,1,1,1,1,1,1,0,20161201,20170607
10542,0,0,0,0,0,1,1,20170306,20170604
10541,1,1,1,1,1,1,1,20161201,20170607
10543,1,1,1,1,1,1,0,20161201,20170607
10571,0,0,0,0,0,1,0,20170225,20170304
10570,0,0,0,0,0,1,1,20170225,20170305
10567,1,1,1,1,1,1,1,20161201,20170607
10568,1,1,1,1,1,1,1,20170130,20170607
10569,1,1,1,1,1,1,1,20161212,20170115
10565,1,1,1,1,1,0,0,20161212,20170210
10555,1,0,0,0,0,1,1,20161211,20170606
10554,0,0,0,0,0,1,1,20161203,20161210
10553,1,1,1,1,1,1,1,20161201,20170607
10563,0,1,1,1,1,0,0,20170502,20170519
10564,1,1,1,1,1,1,1,20161211,20170212
10562,1,1,1,1,1,0,0,20170213,20170319
10559,0,1,1,1,1,0,0,20161201,20161209
10558,0,1,1,1,1,0,0,20161213,20170607
10557,0,0,1,1,1,0,0,20170322,20170324
10561,0,0,0,0,0,0,1,20161201,20170604
10560,1,1,1,1,1,0,0,20161212,20170607
10578,1,1,1,1,1,1,1,20161212,20170115
10579,1,1,1,1,1,1,1,20161201,20170604
10577,1,1,1,1,1,0,0,20170327,20170409
10549,0,0,0,0,0,1,0,20161203,20170409
10545,0,0,0,0,0,0,1,20170306,20170604
10544,1,1,1,1,1,0,0,20161205,20170607
10529,1,1,1,1,1,1,1,20161201,20170607
10532,0,0,0,0,0,1,1,20170306,20170604
10533,0,0,0,0,0,1,0,20170306,20170603
10536,1,1,1,1,1,1,0,20161201,20170607
10534,1,1,1,1,1,0,1,20161201,20170607
10535,1,1,1,1,1,1,0,20161201,20170607
10539,1,1,1,1,1,0,0,20161201,20170607
10580,1,1,1,1,1,0,0,20161201,20170328
10581,0,0,0,0,0,1,0,20170204,20170225
10498,0,0,0,0,0,0,1,20161204,20170604
10497,1,1,1,1,1,1,1,20161211,20170607
10496,0,0,0,1,1,1,1,20161201,20161210
10490,1,1,1,1,1,1,1,20161212,20170108
10493,1,1,1,1,1,1,1,20170130,20170607
10491,1,1,1,0,0,0,0,20170109,20170111
10492,1,1,1,1,1,1,1,20161212,20170205
10494,1,1,1,1,1,1,1,20161201,20170607
10548,1,1,1,1,1,0,0,20170320,20170409
10547,1,1,1,1,1,1,1,20161201,20170604
10697,1,1,1,1,1,1,0,20170130,20170607
10681,1,1,1,1,1,0,0,20170130,20170607
10682,1,1,1,1,1,0,0,20161212,20170127
10698,1,1,1,1,1,1,0,20161203,20170101
10692,1,1,1,1,1,0,0,20170130,20170607
10695,1,1,1,1,1,1,1,20170130,20170607
10683,1,1,1,1,1,1,1,20161203,20170101
10685,1,1,1,1,1,1,1,20161201,20170101
10696,1,1,1,1,1,1,1,20170130,20170607
10693,1,1,1,1,1,0,0,20161201,20170127
10686,1,1,1,1,1,1,1,20170130,20170607
10668,0,0,0,0,0,0,1,20170108,20170122
10684,1,1,1,1,1,1,1,20170130,20170607
10699,1,1,1,1,1,1,1,20170130,20170607
10691,1,1,1,1,1,1,1,20161203,20170101
10694,1,1,1,1,1,1,1,20170130,20170607
10688,0,0,0,0,0,1,1,20170130,20170604
10687,0,0,0,0,0,1,1,20170130,20170604
10689,1,1,1,1,1,1,1,20161203,20170101
10690,0,0,0,0,0,1,1,20170205,20170604
10730,0,0,0,0,0,1,1,20170206,20170604
10669,1,1,1,1,1,1,1,20161201,20170607
10714,0,0,0,0,0,1,1,20170206,20170604
10702,0,0,0,0,0,1,0,20170130,20170603
10731,0,0,0,0,0,1,1,20170206,20170604
10704,0,0,0,0,0,1,1,20170206,20170604
10671,1,1,1,1,1,1,1,20161201,20170607
10705,1,1,1,1,1,0,0,20170102,20170421
10713,1,1,1,1,1,0,0,20170102,20170607
10604,1,1,1,1,1,0,0,20170515,20170607
10729,1,1,1,1,1,0,0,20170102,20170421
10706,1,1,1,1,1,0,0,20161201,20161209
10616,1,1,1,1,1,0,0,20170320,20170324
10712,1,1,1,1,1,0,0,20170213,20170528
10709,1,1,1,1,1,0,0,20170327,20170331
10707,1,1,1,1,1,0,0,20170502,20170607
10711,1,1,1,1,1,0,0,20170213,20170305
10710,1,1,1,1,1,0,0,20170515,20170526
10723,1,1,1,1,1,1,1,20161201,20170607
10722,1,0,0,0,0,0,1,20170130,20170430
10721,0,0,0,0,0,0,1,20170206,20170604
10679,1,1,1,1,1,1,0,20161201,20170607
10672,1,1,1,1,1,1,1,20161201,20170607
10700,0,0,0,0,0,1,1,20170206,20170604
10716,1,1,1,1,1,1,1,20170130,20170607
10715,1,1,1,1,1,0,0,20170106,20170127
10718,1,1,1,1,1,0,0,20161205,20170607
10717,1,1,1,1,1,0,0,20170320,20170331
10677,1,1,1,1,1,0,0,20161212,20170607
10720,1,1,1,1,1,1,1,20161201,20170607
10719,1,1,1,1,1,1,1,20161201,20170607
10737,1,1,1,1,1,0,0,20170102,20170127
10727,1,0,0,0,0,0,0,20170109,20170123
10739,1,0,0,0,0,0,1,20170206,20170605
10735,1,1,1,1,1,0,1,20161201,20170607
10740,0,0,0,0,0,0,1,20170206,20170604
10738,0,0,0,0,0,1,1,20170130,20170430
10665,1,1,1,1,1,0,0,20170306,20170317
10666,0,1,1,1,1,1,0,20170530,20170607
10667,1,0,0,0,0,0,1,20170130,20170607
10765,1,1,1,1,1,1,1,20170130,20170607
10747,0,0,0,0,0,1,1,20170107,20170205
10749,0,0,0,0,0,1,1,20170107,20170122
10755,0,0,0,0,0,0,1,20170128,20170205
10743,0,0,0,0,0,1,1,20170107,20170204
10741,0,0,0,0,0,1,0,20170107,20170204
10744,0,0,0,0,0,1,0,20170107,20170121
10745,0,0,0,0,0,1,1,20170128,20170204
10766,0,0,0,0,0,1,1,20170107,20170205
10767,1,0,0,0,0,0,1,20170129,20170205
10760,0,1,1,1,1,1,0,20170131,20170305
10675,1,1,1,1,1,1,1,20161201,20170607
10674,1,1,1,1,1,1,1,20161212,20170129
10673,1,1,1,1,1,1,1,20161201,20170607
10676,1,1,1,1,1,1,1,20161203,20170607
10678,0,0,0,0,0,1,1,20161203,20170604
10680,1,1,1,1,1,1,0,20161203,20170607
10742,0,0,0,0,0,1,1,20170107,20170122
10750,0,0,0,0,0,0,1,20170129,20170205
10752,0,0,0,0,0,1,1,20170107,20170129
10746,0,0,0,0,0,1,1,20170107,20170205
10748,0,0,0,0,0,1,0,20170107,20170122
10756,1,1,1,1,1,1,1,20170411,20170607
10703,0,0,0,0,0,1,0,20170130,20170603
10701,0,0,0,0,0,1,1,20170130,20170430
10764,0,0,0,0,0,0,1,20170130,20170205
10762,1,1,1,1,1,0,0,20170130,20170428
10763,0,0,0,0,0,1,1,20170107,20170122
10726,0,0,0,0,0,1,1,20170206,20170604
10725,0,0,0,0,0,1,1,20170206,20170430
10728,1,0,0,0,0,0,1,20170206,20170607
10724,1,1,1,1,1,0,0,20170501,20170528
10759,0,1,1,1,1,1,0,20161201,20170129
10757,1,1,1,1,1,0,0,20170213,20170319
10733,0,0,0,0,0,1,1,20170130,20170430
10736,0,0,0,0,0,0,1,20170130,20170604
10734,0,0,0,0,0,1,1,20170206,20170430
10732,0,0,0,0,0,1,1,20170206,20170604
10761,1,1,1,1,1,0,0,20170213,20170428
10927,1,1,1,1,1,1,1,20161203,20170605
10925,1,1,1,1,1,1,1,20161201,20170607
10960,1,1,1,1,1,1,1,20161201,20170607
10888,0,0,0,0,0,1,1,20161203,20170604
10961,0,0,0,0,0,0,1,20170123,20170604
10935,1,1,1,1,1,1,1,20161201,20170607
10924,1,1,1,1,1,1,1,20161201,20170607
10936,1,1,1,1,1,1,1,20161201,20170605
10884,1,1,1,1,1,1,1,20161201,20170607
10926,1,1,1,1,1,1,1,20161201,20170607
10967,1,0,0,0,0,1,1,20170429,20170521
10969,0,0,0,0,0,1,0,20170429,20170520
10849,1,1,1,1,1,0,0,20161201,20170421
10893,1,1,1,1,1,0,0,20161212,20170421
10966,1,0,0,0,0,0,1,20170430,20170522
10968,0,0,0,0,0,1,1,20170429,20170521
10958,0,0,0,0,0,0,1,20170213,20170423
10957,0,0,0,0,0,0,1,20170515,20170604
10877,0,0,0,0,0,1,0,20170213,20170422
10956,0,0,0,0,0,1,0,20170429,20170603
10859,1,1,1,1,1,0,0,20161201,20170421
10955,1,1,1,1,1,0,0,20161201,20170421
10880,1,1,1,1,1,1,1,20170213,20170423
10852,1,1,1,1,1,1,1,20170522,20170607
10855,0,0,0,0,1,1,1,20170130,20170226
10883,1,1,1,1,1,1,0,20161201,20170129
10872,0,0,0,0,0,1,0,20170527,20170603
10876,1,1,1,1,1,1,0,20170130,20170219
10878,1,1,1,1,1,0,0,20170515,20170607
10879,1,1,1,1,1,0,0,20170424,20170521
10858,1,1,1,1,1,1,1,20161201,20170423
10860,1,1,1,1,1,1,1,20161201,20170423
10853,0,0,0,0,0,1,1,20161203,20170423
10857,0,0,0,0,0,1,1,20170213,20170423
10863,1,0,0,0,0,0,1,20161211,20170129
10861,0,0,0,0,0,1,1,20170206,20170423
10862,0,0,0,0,0,1,1,20170213,20170423
10875,0,0,0,0,0,1,1,20170213,20170423
10871,1,1,1,1,1,1,0,20170109,20170122
10870,0,0,0,0,0,1,0,20170220,20170422
10874,1,1,1,1,1,1,1,20161201,20170423
10851,0,0,0,0,0,1,1,20170525,20170604
10865,0,0,0,0,0,1,1,20170525,20170604
10866,0,0,0,0,0,1,1,20170527,20170604
10867,0,0,0,0,0,1,1,20170206,20170423
10869,1,1,1,1,1,0,0,20170424,20170521
10868,0,0,0,0,0,1,1,20161211,20170423
10847,1,0,0,0,0,0,1,20170213,20170423
10848,1,0,0,0,0,0,1,20170528,20170607
10850,0,0,0,0,0,1,0,20170213,20170422
10970,0,0,0,0,0,1,1,20170304,20170305
10939,1,1,1,1,1,0,0,20161201,20170607
10938,1,1,1,1,1,1,1,20161201,20170605
10937,1,1,1,1,1,1,1,20161201,20170606
10976,1,1,1,1,1,1,0,20170130,20170219
10900,0,0,0,0,0,1,1,20170204,20170212
10931,0,0,0,0,0,1,1,20170204,20170212
10899,0,0,0,0,0,1,0,20170204,20170211
10932,0,0,0,0,0,1,1,20170204,20170211
10933,1,0,0,0,0,0,1,20170205,20170212
10905,0,0,0,0,0,0,1,20170205,20170212
10917,0,0,0,0,0,0,1,20161211,20170129
10919,0,0,0,0,0,1,0,20161217,20170129
10922,0,0,0,0,0,0,1,20161211,20170312
10920,0,0,0,0,0,1,0,20170318,20170402
10921,0,0,0,1,0,0,0,20170525,20170603
10895,1,1,1,1,1,0,0,20170515,20170607
10894,0,0,0,0,0,0,1,20161204,20170402
10897,0,0,0,0,1,1,1,20170130,20170226
10901,0,0,0,0,0,1,0,20161203,20170129
10892,0,0,0,0,0,1,0,20170508,20170603
10891,0,0,0,0,0,1,0,20170415,20170422
10909,1,1,1,1,1,0,0,20170424,20170528
10908,0,0,0,0,0,1,0,20161203,20170129
10914,1,1,1,1,1,1,1,20161201,20170317
10913,1,1,1,1,1,1,1,20170318,20170402
10912,1,1,1,1,1,0,0,20170403,20170528
10911,1,1,1,1,1,1,0,20161201,20170422
10903,0,0,0,0,0,0,1,20161211,20170402
10904,1,1,1,1,1,0,0,20170424,20170528
10902,0,0,0,0,0,0,1,20161204,20170402
10906,1,1,1,1,1,0,0,20170515,20170607
10907,0,0,0,0,0,0,1,20161204,20170129
10934,1,1,1,1,1,0,0,20170102,20170120
10928,1,1,1,1,1,1,1,20161201,20170607
10613,0,0,0,0,0,1,0,20170114,20170121
10929,1,1,1,1,1,1,1,20161201,20170605
10930,1,1,1,1,1,1,1,20161201,20170605
10886,1,1,1,1,1,1,1,20161201,20170607
10887,1,1,1,1,1,1,1,20161201,20170607
10890,1,1,1,1,1,1,1,20161201,20170607
10889,0,0,0,0,0,1,1,20170220,20170604
10959,1,1,1,1,1,0,0,20161201,20170607
10942,1,1,1,1,1,1,1,20161201,20170423
10940,0,0,0,0,1,1,1,20170130,20170226
10941,1,1,1,1,1,1,1,20161201,20170423
10954,1,1,1,1,1,0,0,20170213,20170421
10948,0,0,0,0,0,1,1,20170213,20170423
10952,0,0,0,0,0,1,1,20170527,20170604
10953,0,0,0,0,0,1,1,20170227,20170423
10945,0,1,1,0,0,0,0,20170606,20170607
10944,0,0,0,0,0,1,1,20170206,20170423
10943,0,0,0,0,0,1,1,20170206,20170423
10946,0,0,0,0,0,1,1,20170527,20170604
10951,1,1,1,1,1,1,0,20161201,20170422
10947,0,0,0,0,0,1,1,20170213,20170423
10950,1,1,1,1,1,0,0,20170424,20170521
10949,1,1,1,1,1,1,1,20170220,20170423
10975,1,0,0,0,0,1,1,20170204,20170212
10965,1,1,1,1,1,0,1,20161201,20170607
10963,1,1,1,1,1,1,1,20161201,20170605
10962,1,1,1,1,1,1,1,20161201,20170605
10964,1,1,1,1,1,0,1,20161201,20170607
10838,1,1,1,1,1,1,0,20161212,20170607
10836,1,1,1,1,1,1,1,20161211,20170607
10837,0,0,0,0,0,1,0,20170313,20170603
10839,1,1,1,1,1,0,1,20161211,20170607
10625,0,0,0,0,0,1,1,20170603,20170604
10626,0,0,0,0,0,1,1,20170520,20170604
10644,1,1,1,1,1,0,0,20170418,20170428
10651,1,1,1,1,1,0,0,20170327,20170607
10635,0,0,0,0,0,1,1,20170320,20170525
10650,0,0,0,0,0,1,1,20161212,20170212
10632,0,0,0,0,0,1,1,20161212,20170212
10624,0,0,0,0,0,1,1,20170520,20170528
10627,0,0,0,0,0,1,1,20170520,20170604
10628,0,0,0,0,0,0,1,20170528,20170604
10649,1,1,1,1,1,0,0,20170509,20170607
10653,1,1,1,1,1,0,0,20170130,20170305
10636,1,1,1,1,1,0,0,20170213,20170526
10639,0,0,0,0,0,1,1,20170320,20170514
10638,1,1,1,1,1,1,1,20170213,20170526
10634,1,1,1,1,0,1,0,20161201,20161210
10630,0,0,0,0,0,1,0,20170520,20170603
10631,0,0,0,0,1,0,0,20161202,20161209
10606,1,1,1,1,1,1,0,20161201,20161210
10647,1,1,1,1,1,0,0,20170109,20170113
10646,0,0,0,0,0,1,1,20170109,20170129
10614,0,0,0,0,0,1,1,20170311,20170312
10648,1,1,1,1,1,1,0,20161212,20170108
10642,0,0,0,0,0,1,1,20170320,20170525
10640,0,0,0,0,0,0,1,20170320,20170521
10641,0,0,0,0,0,1,1,20161211,20170212
10643,0,0,0,0,0,1,1,20170320,20170514
10600,1,1,1,1,1,0,0,20170109,20170607
10605,0,0,0,0,0,1,1,20161211,20170312
10608,0,0,0,0,0,1,1,20170424,20170604
10607,0,0,0,0,0,1,1,20170424,20170604
10657,0,0,0,1,1,0,0,20161201,20161202
10609,1,1,1,1,1,1,1,20161211,20170607
10658,1,1,1,1,1,1,0,20161203,20161210
10656,1,1,1,1,1,1,0,20161203,20161210
10654,1,1,1,1,1,1,1,20161211,20170605
10598,1,1,1,1,1,1,1,20161201,20170607
10597,0,0,0,0,0,1,1,20161210,20170604
10602,0,1,1,1,1,1,0,20161206,20161224
10603,0,1,1,1,1,1,0,20170102,20170607
10622,0,0,0,0,0,1,1,20161211,20170312
10620,1,1,1,1,1,1,0,20161201,20161210
10621,0,0,0,0,0,1,1,20161203,20161204
10618,1,1,1,1,1,0,1,20161211,20170607
10619,1,1,1,1,1,1,0,20161212,20170607
10610,1,1,1,1,1,1,0,20161201,20161210
10617,1,1,1,1,1,0,0,20170116,20170127
11141,0,0,0,0,0,1,1,20170327,20170604
11162,0,0,0,0,0,1,1,20161203,20170101
11145,0,0,0,0,0,1,1,20170501,20170604
11146,1,1,1,1,1,0,0,20170417,20170524
11161,1,1,1,1,1,1,1,20161201,20170101
11149,0,0,0,0,0,1,1,20161203,20170101
11160,1,1,1,1,1,0,0,20170102,20170205
11155,1,1,1,1,1,1,1,20161201,20170607
11144,1,1,1,1,1,0,1,20170102,20170205
11142,0,0,0,0,0,1,1,20170327,20170604
11151,0,0,0,0,0,1,0,20170327,20170603
11148,1,1,1,1,1,1,1,20161201,20170607
11152,1,1,1,1,1,1,0,20161201,20170607
11163,1,0,0,0,0,0,1,20170403,20170605
11156,1,1,1,1,1,1,1,20161201,20170607
11158,1,1,1,1,1,0,0,20170220,20170407
11143,0,0,0,0,0,1,1,20170206,20170305
11147,1,1,1,1,1,0,0,20161205,20170607
11157,1,1,1,1,1,1,1,20161201,20170305
11159,1,1,1,1,1,0,0,20170102,20170205
11150,1,1,1,1,1,0,0,20170102,20170205
11154,1,0,0,0,0,0,1,20170403,20170605
11153,1,1,1,1,1,1,1,20170417,20170528
11164,0,0,0,0,0,0,1,20170129,20170204
11166,0,0,0,0,0,0,1,20170130,20170205
11165,0,0,0,0,0,1,1,20170107,20170128
11167,0,0,0,0,0,1,1,20170107,20170115
11032,1,1,1,1,1,1,0,20161226,20161231
11036,0,0,0,0,0,1,1,20170306,20170604
11038,1,1,1,1,1,1,1,20170424,20170521
11040,1,1,1,1,1,1,1,20170424,20170521
11039,1,1,1,1,1,1,1,20161201,20170607
11055,0,0,0,0,0,1,1,20170206,20170604
11046,0,0,0,0,0,1,1,20170306,20170604
11054,0,0,0,0,0,1,1,20170306,20170604
11045,1,1,1,1,1,1,1,20161201,20170108
11043,1,1,1,1,1,1,1,20170102,20170607
11044,1,0,0,0,0,0,1,20170213,20170529
11047,0,0,0,0,0,1,1,20170306,20170528
11042,0,0,0,0,0,1,1,20170306,20170528
11052,0,0,0,0,0,1,1,20170306,20170604
11049,0,0,0,1,1,1,1,20161201,20161210
11051,1,1,1,1,1,1,1,20161201,20170108
11059,0,0,0,0,0,1,1,20170206,20170604
11072,0,0,0,0,0,1,1,20170206,20170604
11070,1,1,1,1,1,1,1,20170123,20170226
11071,1,1,1,1,1,0,0,20170410,20170607
11075,0,0,0,0,0,1,1,20170206,20170604
11074,0,0,0,0,0,1,0,20170206,20170603
11073,0,0,0,0,0,0,1,20170206,20170604
11077,1,1,1,1,1,0,0,20170410,20170607
11076,0,0,0,0,0,1,1,20170206,20170604
11058,1,1,1,1,1,0,0,20170102,20170607
11063,1,1,1,1,1,1,1,20170424,20170521
11062,1,1,1,1,1,1,1,20161201,20170607
11066,1,1,1,1,1,1,1,20170424,20170521
11064,1,1,1,1,1,1,1,20161201,20170607
11067,1,1,1,1,1,1,1,20161201,20170607
11060,1,1,1,1,1,1,1,20161201,20170607
10979,0,0,0,0,0,1,1,20170527,20170528
10981,0,0,0,0,0,0,1,20161211,20170305
11007,0,0,0,0,0,1,0,20161210,20170212
10986,1,1,1,1,1,1,0,20161201,20170607
11004,0,0,0,0,0,0,1,20161204,20170305
11006,0,0,0,0,0,0,1,20170320,20170521
11005,0,0,0,0,0,0,1,20161203,20170305
11016,0,0,0,0,0,1,1,20161219,20170305
11015,1,1,1,1,1,1,1,20161201,20170607
11008,0,0,0,0,0,1,1,20161201,20170305
11012,0,0,0,0,0,1,1,20161201,20170305
11010,0,0,0,0,0,1,1,20161201,20170305
11014,1,0,0,0,0,0,1,20161201,20170312
11133,0,0,0,0,1,0,0,20170203,20170210
10989,0,0,0,0,0,0,1,20161204,20170305
10983,0,0,0,0,0,1,0,20161210,20170212
10984,1,1,1,1,1,1,0,20161201,20170607
10991,0,0,0,0,0,1,1,20161201,20170305
11126,0,0,0,0,0,1,1,20161201,20170305
11001,0,0,0,0,0,0,1,20170320,20170604
11127,0,0,0,0,0,1,1,20161204,20170305
11117,1,0,0,0,0,0,1,20161201,20170312
11119,0,0,0,0,0,1,1,20161212,20170108
11118,0,0,0,0,0,1,1,20161201,20170305
11122,0,0,0,0,0,1,1,20170320,20170604
11121,1,0,0,0,0,0,1,20161201,20170312
11124,1,1,1,1,1,1,1,20161201,20170607
11128,0,0,0,0,0,0,1,20161204,20170305
11033,1,1,1,1,1,1,1,20161201,20170607
11099,1,1,1,1,1,1,0,20161212,20170607
11034,1,1,1,1,1,1,0,20161201,20170607
11035,1,1,1,1,1,0,1,20161201,20170607
11091,0,0,0,0,0,1,1,20170306,20170528
11092,0,0,0,0,0,1,1,20170306,20170528
11094,1,1,1,1,1,0,0,20170109,20170122
11095,1,1,1,1,1,1,0,20161219,20170101
11086,0,0,0,0,0,1,1,20170306,20170528
11087,1,1,1,1,1,1,0,20161201,20170607
11084,1,1,1,1,1,1,1,20170424,20170521
11085,1,1,1,1,1,1,1,20170424,20170521
11089,0,0,0,0,0,1,1,20170306,20170528
11088,1,1,1,1,1,1,1,20170424,20170521
11090,1,1,1,1,1,1,1,20170424,20170521
11098,1,1,1,1,1,0,0,20170424,20170521
11096,1,1,1,1,1,0,0,20170109,20170122
11097,0,0,0,0,0,0,1,20170306,20170528
11082,1,1,1,1,1,1,1,20170424,20170521
11083,0,0,0,1,1,1,0,20161201,20161203
11080,1,1,1,1,1,1,1,20170424,20170521
11107,1,1,1,1,1,1,1,20161201,20170607
11101,1,1,1,1,1,0,0,20170102,20170607
11105,1,1,1,1,1,1,1,20161201,20170607
11103,1,1,1,1,1,1,1,20161201,20170409
11104,1,1,1,1,1,1,1,20161201,20170607
11106,1,1,1,1,1,1,1,20161201,20170607
11102,1,1,1,1,1,1,1,20170424,20170521
11111,1,1,1,1,1,0,0,20170410,20170607
11109,0,0,0,0,0,1,1,20170206,20170604
11110,0,0,0,0,0,1,1,20170102,20170604
11108,1,1,1,1,1,1,1,20161201,20170607
10978,1,1,1,1,1,1,0,20161205,20161210
10980,0,0,0,0,1,1,0,20170526,20170527
11029,1,1,1,1,1,0,0,20170109,20170122
11028,1,1,1,1,1,0,0,20170109,20170122
11019,1,1,1,1,1,1,0,20161201,20170607
11020,1,1,1,1,1,1,0,20161201,20170607
10998,1,1,1,1,1,0,0,20170220,20170312
11018,0,0,0,0,0,1,0,20170320,20170521
11030,0,0,0,0,0,1,1,20161211,20161225
11021,1,1,1,1,1,0,0,20161201,20170219
11025,0,0,0,0,0,1,1,20170320,20170521
11026,0,0,0,0,0,1,1,20161212,20161225
11023,0,0,0,0,0,0,1,20170320,20170521
11024,0,0,0,0,0,0,1,20161204,20170305
11022,0,0,0,0,0,0,1,20161204,20170305
11027,0,0,0,0,0,1,1,20161201,20170305
11116,0,0,0,0,0,1,1,20161211,20170305
11132,0,0,0,0,0,1,1,20170204,20170205
10987,1,1,1,1,1,1,1,20170213,20170402
10985,1,1,1,1,1,1,0,20161201,20170607
10988,1,1,1,1,1,0,0,20161201,20170607
10996,0,0,0,0,0,1,1,20161204,20170305
10993,1,0,0,0,0,0,1,20161205,20170312
11000,0,0,0,0,0,1,1,20161205,20161225
10999,1,1,1,1,1,1,1,20170410,20170507
10997,0,0,0,0,0,0,1,20161203,20170305
10992,1,1,1,1,1,1,1,20170410,20170507
11002,1,1,1,1,1,1,0,20170109,20170122
11003,1,1,1,1,1,1,0,20170109,20170122
11130,0,0,0,0,0,0,1,20161211,20170305
10469,1,1,1,1,1,0,0,20170403,20170514
10465,0,0,0,0,0,0,1,20161204,20170409
10468,0,0,0,0,0,0,1,20161204,20170409
10467,1,0,0,0,0,0,0,20161205,20170416
10466,0,0,0,0,0,0,1,20161204,20170226
10471,0,0,0,0,0,1,0,20170109,20170226
10474,0,0,0,0,0,1,0,20161201,20170604
10472,0,0,0,0,0,1,0,20161203,20170226
10470,0,0,0,0,0,0,1,20161201,20170226
10473,1,0,0,0,0,0,0,20161201,20170416
10481,0,0,0,0,0,0,1,20170109,20170226
10479,0,1,1,1,1,0,0,20161201,20161209
10476,0,0,0,0,0,1,0,20161201,20170603
10477,0,0,0,0,0,0,1,20161201,20170604
10478,0,0,0,0,0,1,0,20161203,20170603
10475,1,0,0,0,0,0,0,20161205,20170605
